405	79.51	75.81	83.58	81.21	79.42	80.31	93.76	95.09	94.42	89.59
15	66.67	83.33	55.56	70.91	79.59	75.00	96.62	86.96	91.53	89.13
145	74.43	72.10	76.92	77.78	77.97	77.87	93.59	92.83	93.21	86.99
415	77.64	71.14	85.44	80.75	76.88	78.76	92.18	95.69	93.91	88.05
550	78.69	74.66	83.17	80.99	78.91	79.94	93.49	95.06	94.27	88.88
455	78.14	74.40	82.27	80.83	78.95	79.88	93.50	94.88	94.19	88.92
460	77.70	73.54	82.35	80.25	78.25	79.24	93.23	94.67	93.95	88.18
305	77.99	72.33	84.62	81.53	78.62	80.05	93.04	95.57	94.29	87.89
475	77.31	73.77	81.20	80.21	78.34	79.26	93.40	94.61	94.00	88.26
170	72.16	62.40	85.55	73.26	65.59	69.21	87.76	95.78	91.59	83.92
320	76.72	70.49	84.15	79.95	76.47	78.17	92.21	95.40	93.78	87.20
365	79.27	75.62	83.29	81.19	79.81	80.49	93.98	94.93	94.45	89.50
230	77.66	71.02	85.69	80.75	76.98	78.82	92.30	95.63	93.94	87.01
475	76.85	73.80	80.17	79.28	77.84	78.55	93.49	94.33	93.91	88.15
440	76.91	70.30	84.88	80.52	76.95	78.69	92.20	95.54	93.84	87.71
410	76.44	72.57	80.75	79.39	77.44	78.40	92.84	94.35	93.59	87.32
235	76.91	70.34	84.82	80.21	77.14	78.65	92.47	95.54	93.98	87.40
190	72.59	63.29	85.09	74.80	68.17	71.33	88.69	95.64	92.03	84.38
330	75.05	70.40	80.36	78.70	76.86	77.77	92.43	94.02	93.22	86.37
135	78.59	74.71	82.90	74.31	70.98	72.60	91.44	94.16	92.78	87.35
270	78.42	74.84	82.36	79.60	77.75	78.66	93.09	94.59	93.84	88.29
230	76.97	71.74	83.01	80.90	78.82	79.85	93.25	95.16	94.20	87.59
340	77.10	73.01	81.66	80.23	78.17	79.19	93.26	94.81	94.03	87.45
200	75.08	68.50	83.05	76.67	72.63	74.59	90.90	94.67	92.75	85.99
535	78.06	74.32	82.19	80.62	78.70	79.65	93.49	94.85	94.16	88.59
355	77.59	71.38	84.99	80.72	77.31	78.98	92.48	95.59	94.01	88.16
440	79.79	77.48	82.24	81.68	81.17	81.42	94.53	94.61	94.57	89.46
60	75.50	72.15	79.17	73.96	72.25	73.10	91.51	93.17	92.34	86.19
210	74.37	66.07	85.06	76.16	70.74	73.35	89.84	95.40	92.54	85.34
75	73.25	76.16	70.55	72.48	75.96	74.18	94.34	90.32	92.29	86.16
355	77.93	73.95	82.35	79.41	77.61	78.50	93.30	94.66	93.97	87.95
35	78.20	82.54	74.29	81.82	85.71	83.72	97.45	92.89	95.12	90.37
450	77.17	74.24	80.33	79.88	78.54	79.20	93.65	94.37	94.01	88.42
190	78.85	76.21	81.68	77.15	75.32	76.23	92.88	94.14	93.51	88.71
490	77.23	71.64	83.77	79.52	76.33	77.89	92.35	95.16	93.73	87.94
335	75.25	70.52	80.67	78.95	77.04	77.98	92.48	94.19	93.33	86.35
260	76.94	70.63	84.47	80.03	76.74	78.35	92.37	95.38	93.85	86.80
20	72.29	85.71	62.50	65.08	74.55	69.49	96.02	85.61	90.52	85.89
460	78.67	74.95	82.79	81.24	79.24	80.23	93.52	94.99	94.25	89.18
75	75.94	69.95	83.04	75.63	71.29	73.40	90.81	94.83	92.78	85.53
105	82.76	78.35	87.69	82.12	79.51	80.79	93.69	96.02	94.84	89.20
80	73.14	75.74	70.72	72.10	75.68	73.85	94.19	90.23	92.17	86.14
120	84.30	80.44	88.54	85.49	83.90	84.69	95.07	96.43	95.74	90.31
305	76.53	71.53	82.28	79.79	77.66	78.71	92.77	94.69	93.72	86.83
380	76.91	73.26	80.95	79.98	78.30	79.13	93.20	94.40	93.80	87.75
310	76.54	72.10	81.56	79.93	78.12	79.01	93.07	94.55	93.80	87.06
30	70.97	65.67	77.19	68.97	68.18	68.57	90.98	92.11	91.54	85.54
420	79.20	75.90	82.80	81.27	79.54	80.40	93.82	94.98	94.39	89.53
225	78.43	76.31	80.68	78.68	77.47	78.07	93.42	94.15	93.78	88.64
340	75.37	70.05	81.56	78.62	76.19	77.38	92.21	94.48	93.33	86.34
280	79.20	74.57	84.45	82.85	80.99	81.91	94.05	95.51	94.78	88.98
385	76.61	71.18	82.95	79.31	76.05	77.65	92.19	94.99	93.57	87.67
250	77.53	72.08	83.86	81.03	78.56	79.78	93.19	95.37	94.27	87.96
165	72.73	63.89	84.39	73.35	66.94	70.00	88.63	95.34	91.86	84.45
415	78.06	73.48	83.24	80.76	78.45	79.59	93.28	95.16	94.21	88.09
170	77.56	74.75	80.59	75.26	73.86	74.55	92.46	93.49	92.97	87.42
480	77.39	73.88	81.26	79.41	77.59	78.49	93.31	94.54	93.92	88.39
470	76.65	70.94	83.35	80.09	76.93	78.48	92.45	95.23	93.82	87.71
70	67.18	69.05	65.41	69.12	72.12	70.59	92.97	89.56	91.23	85.04
350	78.59	74.01	83.79	80.82	78.64	79.72	93.37	95.14	94.25	88.29
25	70.59	75.00	66.67	68.42	72.22	70.27	93.54	88.89	91.16	85.65
140	83.81	80.76	87.11	84.20	83.76	83.98	95.43	95.60	95.52	90.72
320	75.99	70.23	82.77	80.00	77.21	78.58	92.25	94.90	93.56	86.71
430	77.86	73.04	83.35	80.05	77.43	78.72	92.89	95.07	93.97	88.46
120	73.14	75.35	71.05	75.68	78.25	76.94	94.84	91.71	93.25	87.41
325	78.94	75.33	82.91	81.85	80.99	81.41	94.39	95.03	94.71	89.68
200	78.40	72.09	85.91	80.64	76.88	78.72	92.46	95.74	94.07	87.33
130	75.22	73.26	77.29	77.60	77.60	77.60	93.56	93.15	93.35	86.99
245	77.77	71.27	85.58	81.06	77.42	79.20	92.49	95.65	94.05	87.30
340	77.58	71.36	84.99	79.94	76.23	78.04	92.16	95.47	93.78	88.10
285	77.14	70.66	84.92	79.82	76.55	78.15	92.36	95.40	93.85	87.05
160	78.74	75.99	81.70	81.98	81.09	81.53	94.59	94.85	94.72	89.08
390	75.91	70.74	81.91	78.88	75.70	77.26	92.14	94.83	93.47	87.48
540	78.71	75.21	82.55	81.33	79.46	80.39	93.73	95.03	94.37	88.92
115	82.76	80.00	85.71	82.08	81.29	81.69	94.66	95.29	94.98	89.42
425	77.33	71.66	83.99	80.57	77.72	79.12	92.69	95.26	93.95	88.19
220	75.23	68.93	82.78	79.54	76.90	78.20	92.35	94.94	93.62	86.39
230	77.74	74.57	81.20	78.48	76.70	77.58	92.86	94.28	93.57	88.06
140	79.17	75.35	83.39	75.20	71.94	73.53	91.72	94.35	93.02	87.69
150	80.22	75.26	85.88	81.09	78.37	79.71	93.25	95.59	94.40	88.33
110	76.74	70.97	83.54	74.91	71.01	72.91	90.92	94.66	92.76	86.68
495	77.78	73.99	81.98	79.89	78.11	78.99	93.35	94.54	93.94	88.52
95	77.31	71.32	84.40	74.00	69.81	71.84	90.62	94.51	92.53	85.85
75	75.00	69.23	81.82	74.06	70.09	72.02	90.05	94.07	92.01	86.63
60	78.40	75.60	81.41	71.86	73.17	72.51	92.52	91.92	92.22	86.06
345	78.19	73.30	83.77	80.73	78.27	79.48	93.12	95.21	94.15	87.88
50	66.32	71.11	62.14	66.67	71.33	68.92	93.61	88.20	90.83	83.75
90	72.89	64.62	83.58	74.27	67.80	70.89	88.34	95.07	91.58	84.28
30	76.00	82.61	70.37	77.55	82.61	80.00	97.01	91.29	94.07	90.51
440	78.61	74.87	82.73	81.32	79.49	80.39	93.64	95.01	94.32	89.15
470	77.69	73.57	82.32	80.20	78.14	79.15	93.24	94.72	93.98	88.40
450	77.35	71.64	84.04	80.54	77.41	78.95	92.61	95.38	93.97	88.10
265	78.34	73.71	83.58	82.09	79.95	81.00	93.68	95.30	94.48	88.70
210	75.08	68.83	82.57	77.76	74.12	75.90	91.53	94.79	93.13	86.14
495	78.28	74.71	82.21	80.67	78.48	79.56	93.42	94.85	94.13	88.76
280	76.65	73.01	80.68	78.71	77.61	78.16	93.11	93.93	93.52	86.91
135	76.68	75.00	78.45	78.80	79.21	79.00	94.25	93.43	93.84	87.83
530	77.91	73.65	82.69	79.60	77.21	78.39	92.96	94.79	93.87	88.39
120	79.21	74.01	85.21	75.80	71.47	73.57	91.08	94.91	92.96	87.00
515	77.91	74.57	81.58	80.36	78.74	79.54	93.64	94.64	94.14	88.53
205	73.07	65.53	82.58	74.82	70.03	72.35	89.82	94.71	92.20	85.04
155	79.68	74.94	85.06	80.24	77.44	78.82	93.01	95.33	94.15	88.05
535	78.87	75.46	82.60	81.44	79.70	80.56	93.81	94.98	94.39	89.01
275	76.67	72.87	80.90	79.05	77.62	78.33	93.00	94.05	93.52	86.91
360	79.87	75.49	84.79	81.47	79.37	80.41	93.69	95.37	94.52	89.70
455	77.06	71.46	83.63	80.66	77.74	79.17	92.70	95.29	93.98	88.02
545	78.38	74.86	82.24	81.10	79.30	80.19	93.72	94.93	94.32	88.75
425	76.66	73.34	80.30	79.85	78.05	78.94	93.34	94.50	93.92	88.23
480	79.05	75.69	82.73	81.50	80.09	80.79	93.92	94.85	94.38	89.02
100	82.17	78.23	86.53	81.82	80.00	80.90	93.93	95.63	94.77	88.97
535	77.50	73.57	81.88	79.52	77.32	78.41	93.05	94.67	93.86	88.26
350	75.64	71.45	80.36	79.63	77.73	78.67	92.91	94.41	93.65	86.96
500	79.41	76.09	83.04	82.07	80.55	81.30	94.07	95.09	94.58	89.49
190	80.75	77.63	84.12	83.76	83.00	83.38	95.12	95.42	95.27	90.21
235	76.70	73.15	80.61	77.93	76.65	77.28	93.00	93.76	93.38	87.39
205	78.77	76.33	81.36	78.67	76.92	77.79	93.22	94.39	93.80	88.51
155	77.02	74.84	79.33	79.33	79.15	79.24	94.15	93.87	94.01	88.18
270	76.23	71.86	81.17	78.74	77.09	77.91	92.74	94.13	93.43	86.77
525	77.90	73.97	82.26	80.27	78.32	79.28	93.28	94.69	93.98	88.43
120	77.86	74.04	82.10	77.25	76.33	76.79	92.87	93.81	93.34	88.04
200	74.84	67.72	83.62	77.31	73.58	75.40	91.19	94.95	93.03	86.19
490	78.07	74.70	81.75	80.09	78.46	79.26	93.60	94.62	94.11	88.75
75	78.96	74.88	83.52	75.37	74.63	75.00	92.63	93.52	93.07	86.66
270	79.65	75.45	84.35	83.49	82.20	82.84	94.53	95.45	94.99	89.40
390	76.45	69.22	85.36	79.52	75.00	77.19	91.44	95.69	93.52	87.44
285	78.61	73.84	84.03	81.75	79.31	80.51	93.57	95.59	94.57	89.37
95	73.64	69.23	78.64	72.59	70.41	71.48	90.83	93.30	92.05	85.39
25	68.35	81.82	58.70	70.11	78.21	73.94	96.49	86.84	91.41	88.79
445	78.53	74.21	83.39	81.30	78.98	80.12	93.35	95.22	94.27	88.97
30	71.76	79.66	65.28	71.58	79.07	75.14	95.36	88.10	91.59	85.08
20	65.67	78.57	56.41	68.12	74.60	71.21	95.24	86.81	90.83	87.01
275	78.06	75.65	80.62	79.74	79.13	79.44	93.89	94.24	94.06	88.27
160	73.00	63.58	85.71	74.82	67.74	71.11	88.48	95.83	92.01	84.29
210	78.57	76.10	81.21	78.40	76.71	77.54	93.13	94.31	93.71	88.48
440	78.46	73.90	83.63	80.47	77.99	79.21	93.16	95.12	94.13	88.42
150	78.37	75.82	81.10	75.56	73.21	74.36	92.07	93.70	92.88	87.24
30	68.04	75.00	62.26	72.16	79.55	75.68	95.90	88.85	92.24	87.50
255	77.23	72.30	82.89	79.43	77.78	78.60	92.87	94.33	93.60	87.29
510	78.71	75.60	82.08	81.28	79.80	80.53	93.87	94.80	94.33	89.09
370	78.29	71.70	86.20	82.32	78.70	80.47	92.73	95.99	94.33	88.64
160	74.51	69.45	80.36	77.08	75.38	76.22	92.00	93.49	92.74	86.31
340	79.36	76.01	83.03	81.82	81.24	81.53	94.54	94.82	94.68	89.94
295	76.92	71.73	82.93	79.53	77.32	78.41	92.71	94.73	93.71	86.77
360	76.30	72.89	80.05	80.41	78.94	79.67	93.45	94.37	93.91	87.59
460	78.20	75.17	81.49	80.35	78.90	79.62	93.64	94.51	94.07	88.59
300	79.77	75.31	84.79	83.33	81.34	82.33	94.26	95.79	95.02	90.08
180	80.53	75.73	85.97	81.72	79.44	80.57	93.85	95.62	94.73	88.76
435	78.56	75.59	81.77	81.09	79.86	80.47	93.91	94.65	94.28	88.64
35	69.92	74.14	66.15	73.64	80.20	76.78	95.61	89.47	92.44	87.15
10	56.41	73.33	45.83	55.88	67.86	61.29	94.93	81.88	87.92	81.72
235	78.17	72.20	85.20	80.76	78.05	79.38	92.97	95.35	94.15	87.41
335	79.88	75.83	84.39	82.63	81.53	82.07	94.46	95.26	94.85	90.09
125	73.60	74.37	72.84	75.47	77.32	76.38	94.28	92.11	93.18	87.12
465	76.64	70.95	83.32	79.29	76.20	77.72	92.26	95.04	93.63	87.70
430	77.33	71.29	84.50	80.68	77.72	79.17	92.62	95.37	93.97	88.01
180	80.06	77.20	83.14	84.47	83.82	84.14	95.29	95.40	95.35	89.91
235	78.74	74.21	83.86	83.21	81.87	82.54	94.35	95.57	94.96	89.39
445	76.80	73.31	80.65	79.83	78.17	78.99	93.35	94.49	93.92	88.19
380	79.21	75.00	83.92	81.17	79.11	80.13	93.54	95.15	94.34	89.36
500	77.85	74.26	81.79	80.57	78.57	79.55	93.50	94.80	94.14	88.53
85	73.71	76.40	71.20	72.51	76.15	74.29	94.30	90.45	92.33	86.69
90	72.90	70.37	75.62	70.45	69.60	70.02	91.23	91.86	91.54	85.11
515	77.83	73.15	83.16	80.03	77.41	78.70	92.91	95.06	93.98	88.35
285	77.91	72.46	84.25	80.74	78.06	79.38	92.99	95.28	94.13	87.94
115	78.91	73.42	85.29	74.50	70.25	72.31	90.84	94.69	92.72	86.45
415	79.01	75.58	82.77	80.81	79.14	79.97	93.75	94.90	94.32	89.34
315	77.56	72.04	84.01	80.46	77.78	79.10	92.94	95.31	94.11	87.71
60	72.27	76.11	68.80	70.86	76.07	73.37	94.68	89.17	91.84	85.78
495	78.53	75.86	81.40	80.96	79.83	80.39	93.94	94.54	94.24	89.09
50	80.18	78.45	81.98	80.58	79.43	80.00	94.39	94.70	94.55	88.94
155	75.48	70.80	80.82	79.26	78.00	78.63	93.06	93.94	93.50	87.04
10	81.36	77.42	85.71	68.75	66.67	67.69	90.78	92.91	91.83	88.78
40	81.69	83.65	79.82	77.59	79.65	78.60	94.57	92.45	93.50	89.17
480	76.04	70.79	82.13	78.94	75.77	77.32	92.18	94.85	93.49	87.38
450	79.29	75.22	83.81	81.85	79.92	80.88	93.77	95.26	94.51	89.45
45	62.43	69.23	56.84	62.86	69.29	65.92	93.37	85.97	89.52	81.64
80	73.68	65.92	83.52	74.77	69.75	72.17	89.30	94.72	91.93	85.40
380	79.02	74.83	83.71	82.05	80.31	81.17	93.85	95.20	94.52	88.60
45	71.91	75.29	68.82	67.91	73.39	70.54	94.07	88.66	91.29	86.07
410	77.51	71.08	85.23	80.63	76.86	78.70	92.21	95.64	93.89	88.05
490	77.22	73.27	81.62	79.22	76.81	78.00	92.81	94.56	93.68	88.08
435	78.53	74.92	82.50	81.17	79.32	80.24	93.65	95.01	94.33	89.10
105	73.05	74.74	71.43	75.00	77.17	76.07	94.43	91.72	93.06	87.34
415	79.15	76.38	82.13	81.73	80.90	81.31	94.32	94.68	94.50	89.00
100	74.39	78.41	70.77	75.40	78.98	77.15	95.48	91.27	93.33	88.20
140	76.03	75.25	76.82	78.02	79.20	78.61	94.35	92.57	93.45	88.06
60	79.87	73.78	87.05	81.01	75.74	78.29	92.07	96.38	94.18	87.94
465	78.41	74.32	82.97	80.89	78.75	79.81	93.40	95.06	94.22	88.95
190	74.54	69.00	81.05	75.77	72.69	74.20	91.15	93.84	92.48	85.88
315	77.18	71.47	83.88	79.82	76.42	78.08	92.27	95.26	93.74	87.88
410	75.89	70.83	81.72	78.47	75.46	76.94	92.06	94.62	93.32	87.42
145	75.62	74.31	76.98	77.49	77.86	77.67	93.96	93.16	93.56	87.74
225	78.75	74.53	83.49	83.80	82.65	83.22	94.61	95.56	95.08	89.55
520	78.72	74.96	82.88	81.02	78.98	79.99	93.48	94.97	94.22	88.80
225	77.29	71.99	83.44	80.92	78.91	79.91	93.33	95.06	94.19	87.68
240	77.97	74.06	82.31	79.94	78.44	79.18	93.36	94.63	93.99	88.13
145	78.73	74.73	83.18	75.26	71.92	73.55	91.59	94.32	92.93	87.40
410	78.06	73.22	83.59	80.67	78.06	79.34	93.10	95.24	94.16	88.10
515	78.84	75.82	82.12	81.98	80.61	81.29	94.08	94.94	94.51	89.19
180	78.92	75.59	82.56	77.93	76.12	77.01	92.81	94.30	93.55	88.47
385	77.15	73.80	80.83	79.94	78.43	79.18	93.34	94.32	93.82	87.83
505	78.04	74.05	82.50	80.52	78.48	79.49	93.39	94.81	94.10	88.55
25	80.41	92.86	70.91	76.19	84.21	80.00	97.94	89.68	93.62	91.28
385	78.84	74.86	83.27	82.15	80.58	81.36	93.97	95.11	94.54	88.57
430	78.95	75.75	82.44	81.50	80.08	80.78	93.98	94.91	94.44	89.46
250	76.58	72.65	80.95	78.43	76.89	77.65	92.91	94.25	93.58	87.20
125	75.00	73.14	76.95	76.15	75.71	75.93	93.26	92.93	93.09	86.71
95	75.32	70.52	80.82	76.52	73.99	75.23	91.67	94.01	92.83	85.94
370	76.93	71.49	83.27	79.15	76.26	77.68	92.35	94.94	93.63	87.68
65	76.25	71.35	81.88	75.14	71.96	73.51	90.87	94.24	92.52	86.69
130	85.31	83.33	87.38	84.99	84.51	84.75	95.84	95.84	95.84	91.33
510	77.72	73.57	82.38	80.21	78.04	79.11	93.25	94.80	94.02	88.41
270	78.44	73.39	84.24	81.72	78.94	80.31	93.33	95.66	94.48	89.31
30	73.47	75.00	72.00	67.71	71.43	69.52	93.00	88.41	90.64	86.12
35	76.14	77.01	75.28	69.52	71.57	70.53	92.66	90.04	91.33	86.71
90	80.09	74.50	86.57	79.49	75.61	77.50	92.19	95.70	93.91	87.73
505	77.61	72.92	82.94	79.48	77.04	78.24	92.88	94.86	93.86	88.27
80	77.94	74.30	81.96	73.85	72.85	73.35	92.03	92.95	92.48	86.22
510	77.55	73.09	82.58	79.75	77.55	78.63	93.07	94.82	93.94	88.28
400	77.95	73.43	83.05	79.51	77.29	78.39	93.04	94.87	93.95	88.00
390	79.10	74.81	83.91	81.68	79.79	80.72	93.69	95.23	94.46	88.65
465	78.09	74.46	82.09	80.46	78.53	79.49	93.36	94.71	94.03	88.35
220	77.99	73.17	83.49	82.96	81.28	82.11	94.04	95.53	94.78	88.98
355	76.05	72.53	79.92	80.20	78.86	79.53	93.41	94.28	93.84	87.32
340	77.53	74.50	80.80	81.05	80.22	80.63	94.12	94.56	94.34	88.45
335	76.72	71.96	82.15	80.58	78.15	79.34	93.04	95.00	94.01	87.45
350	79.65	75.22	84.63	81.45	79.29	80.36	93.66	95.34	94.49	89.67
215	74.92	68.84	82.18	77.85	74.55	76.17	91.53	94.62	93.05	86.00
175	73.46	69.55	77.84	76.32	75.55	75.93	92.42	92.84	92.63	86.06
420	78.94	74.12	84.45	81.63	78.99	80.29	93.36	95.53	94.44	88.57
60	68.47	72.38	64.96	70.05	74.01	71.98	93.92	89.67	91.74	85.45
345	76.29	71.99	81.14	80.08	77.98	79.02	92.89	94.53	93.70	87.26
530	78.77	74.85	83.12	81.35	79.66	80.50	93.79	95.02	94.40	88.98
95	81.14	75.47	87.72	81.22	77.13	79.13	92.48	96.18	94.30	88.20
25	73.81	68.89	79.49	78.38	76.32	77.33	92.35	94.19	93.26	89.67
485	77.80	74.06	81.95	80.34	78.11	79.21	93.30	94.83	94.06	88.48
40	72.48	80.60	65.85	72.58	80.36	76.27	96.93	88.70	92.63	87.54
225	75.43	71.48	79.83	77.78	76.44	77.10	92.69	93.62	93.15	86.68
385	79.37	75.20	84.02	81.30	79.27	80.27	93.58	95.20	94.39	89.41
115	74.77	68.44	82.40	77.29	73.80	75.50	91.39	94.70	93.02	85.86
545	78.24	74.35	82.54	80.60	78.51	79.54	93.39	94.90	94.14	88.66
465	77.41	73.65	81.58	79.56	77.51	78.52	93.20	94.63	93.91	88.40
395	76.12	71.10	81.90	79.14	76.27	77.68	92.32	94.75	93.52	87.72
380	77.64	70.91	85.79	80.85	77.01	78.88	92.23	95.76	93.96	88.25
430	78.07	73.35	83.45	80.05	77.57	78.79	92.96	95.04	93.99	87.98
100	76.17	70.83	82.38	78.14	75.43	76.76	92.11	94.63	93.35	86.67
240	75.59	71.71	79.92	78.01	76.98	77.49	92.98	93.62	93.30	86.79
70	77.18	70.98	84.57	76.50	71.43	73.88	90.62	95.28	92.89	86.20
50	71.77	75.00	68.81	68.06	73.68	70.76	94.16	88.55	91.27	84.83
330	77.87	70.97	86.25	80.46	76.45	78.40	92.00	95.78	93.85	88.13
420	77.48	71.13	85.07	80.33	76.65	78.45	92.21	95.55	93.85	88.01
475	78.80	75.46	82.44	81.55	80.18	80.86	93.89	94.77	94.33	88.80
425	78.85	74.79	83.37	81.40	79.37	80.38	93.55	95.12	94.33	89.19
505	78.91	75.63	82.48	81.38	79.84	80.60	93.88	94.93	94.40	89.28
470	78.95	74.81	83.58	81.52	79.25	80.37	93.53	95.28	94.40	89.21
395	76.88	69.52	85.99	80.02	75.45	77.67	91.49	95.82	93.60	87.60
80	77.89	72.43	84.24	77.51	73.64	75.52	91.71	95.12	93.39	86.50
405	77.20	72.44	82.62	79.57	77.24	78.39	92.89	94.83	93.85	87.59
480	78.79	75.43	82.47	81.42	79.73	80.56	93.81	94.95	94.38	89.16
240	78.57	72.04	86.39	81.86	78.45	80.12	92.88	95.86	94.35	87.62
65	66.38	70.91	62.40	69.90	74.61	72.18	94.27	89.06	91.59	84.87
265	77.79	75.25	80.50	79.09	77.94	78.51	93.49	94.21	93.85	88.07
330	76.68	71.76	82.32	80.26	77.46	78.84	92.87	95.12	93.98	87.35
490	78.65	75.09	82.56	80.97	79.03	79.99	93.54	94.85	94.19	88.77
215	78.53	75.60	81.70	78.33	76.42	77.37	92.92	94.35	93.63	88.35
110	76.34	70.42	83.33	78.03	74.38	76.16	91.72	95.03	93.34	86.99
170	80.80	77.78	84.07	80.04	78.68	79.35	94.07	94.83	94.45	88.82
410	79.38	75.33	83.88	81.34	79.16	80.24	93.55	95.21	94.37	89.48
465	77.04	72.99	81.57	79.43	77.48	78.44	93.07	94.48	93.77	87.90
305	80.13	75.15	85.81	83.16	80.74	81.93	93.99	95.97	94.97	90.13
245	76.64	71.18	83.00	80.35	77.97	79.14	93.01	95.14	94.06	87.46
270	78.31	72.21	85.53	81.04	78.06	79.52	92.99	95.57	94.26	87.79
115	77.21	72.41	82.68	75.49	72.41	73.92	91.52	94.40	92.94	86.84
175	81.36	77.67	85.42	81.68	80.17	80.92	94.33	95.33	94.83	89.19
185	80.54	73.40	89.22	82.51	78.32	80.36	92.85	96.60	94.68	88.38
85	82.44	80.37	84.62	76.29	75.97	76.13	93.52	93.39	93.45	89.10
255	76.85	71.43	83.17	80.34	77.51	78.90	92.80	95.17	93.97	87.70
455	77.44	73.85	81.40	79.95	78.24	79.09	93.37	94.48	93.92	88.05
185	79.22	76.71	81.91	78.12	76.50	77.30	93.20	94.24	93.72	88.88
330	77.33	74.52	80.35	80.63	79.87	80.25	93.99	94.38	94.18	88.30
485	78.73	74.89	82.98	81.08	79.06	80.06	93.49	94.95	94.21	88.83
170	75.76	70.97	81.25	78.69	77.39	78.03	92.79	93.83	93.31	86.92
350	77.76	74.15	81.74	79.78	78.20	78.98	93.42	94.54	93.97	88.32
285	76.55	71.35	82.58	78.82	76.85	77.82	92.50	94.37	93.42	86.58
300	77.89	75.00	81.01	79.03	77.57	78.30	93.42	94.30	93.86	88.44
490	78.32	75.23	81.67	81.10	79.62	80.35	93.82	94.72	94.27	89.00
320	77.48	72.26	83.51	78.70	76.06	77.36	92.42	94.84	93.62	87.90
145	83.31	81.27	85.45	83.96	83.75	83.85	95.69	95.43	95.56	90.49
375	79.09	75.33	83.24	80.95	79.40	80.17	93.82	94.90	94.35	89.41
505	78.01	74.06	82.41	80.66	78.57	79.60	93.45	94.96	94.20	88.55
280	78.54	73.38	84.49	81.99	79.20	80.57	93.40	95.79	94.58	89.32
185	79.17	76.20	82.37	83.21	82.43	82.82	94.80	95.07	94.94	89.55
380	77.01	71.68	83.18	79.53	76.64	78.06	92.46	94.95	93.69	87.82
530	78.65	75.66	81.89	81.25	79.94	80.59	93.97	94.78	94.38	89.01
315	79.43	75.45	83.86	82.34	80.82	81.57	94.21	95.32	94.76	89.95
400	79.19	75.68	83.04	81.38	79.85	80.61	93.95	95.00	94.47	89.45
345	78.65	72.76	85.57	81.71	78.32	79.98	92.84	95.76	94.28	88.80
530	78.18	74.81	81.87	80.47	78.63	79.54	93.57	94.77	94.17	88.64
450	78.07	74.85	81.58	80.71	79.40	80.05	93.86	94.62	94.24	88.40
265	76.43	72.19	81.19	78.91	77.44	78.17	92.87	94.01	93.44	86.93
185	73.94	68.54	80.26	75.64	72.92	74.25	91.27	93.62	92.43	85.91
360	78.53	74.32	83.25	81.52	79.45	80.47	93.65	95.16	94.40	88.23
525	78.07	74.66	81.80	80.63	78.89	79.75	93.57	94.78	94.17	88.73
325	77.25	71.41	84.14	80.02	76.58	78.27	92.39	95.34	93.84	87.52
70	76.11	71.27	81.65	74.62	71.36	72.95	90.66	93.93	92.27	86.98
290	78.25	73.77	83.30	81.91	79.69	80.79	93.67	95.46	94.56	89.27
85	73.03	73.51	72.55	77.01	78.21	77.61	94.30	92.56	93.42	88.10
65	80.12	73.60	87.92	81.18	75.41	78.19	91.72	96.64	94.12	87.99
75	67.69	72.13	63.77	71.25	75.66	73.39	94.56	89.27	91.84	86.32
305	77.41	73.01	82.37	80.12	77.93	79.01	93.16	94.90	94.02	88.03
345	76.95	73.47	80.79	79.29	77.86	78.56	93.30	94.32	93.81	87.96
215	77.83	72.12	84.53	80.21	76.87	78.50	92.57	95.33	93.93	87.25
200	79.08	75.06	83.56	83.56	82.28	82.92	94.54	95.41	94.98	89.86
15	67.69	84.62	56.41	61.70	72.50	66.67	96.52	84.08	89.87	83.59
35	80.81	80.81	80.81	75.25	76.00	75.62	93.02	92.50	92.76	88.31
105	76.10	70.48	82.68	78.64	75.82	77.20	92.20	94.81	93.48	86.93
115	72.64	74.88	70.54	74.57	77.22	75.87	94.59	91.37	92.95	86.92
20	68.35	72.97	64.29	72.06	77.78	74.81	94.75	88.59	91.56	86.34
45	82.20	83.62	80.83	75.97	77.78	76.86	94.06	92.24	93.14	89.37
415	75.90	70.82	81.77	78.64	75.47	77.03	92.05	94.72	93.36	87.47
65	67.94	70.63	65.44	67.37	71.51	69.38	93.12	88.55	90.78	83.69
375	76.92	72.41	82.03	80.53	78.30	79.40	92.88	94.71	93.79	87.63
210	79.72	75.51	84.42	84.39	83.01	83.69	94.69	95.72	95.21	89.94
135	71.88	62.57	84.45	74.86	68.37	71.47	88.81	95.49	92.03	83.88
550	78.70	74.76	83.08	81.12	79.04	80.06	93.49	95.02	94.25	88.91
140	72.54	63.01	85.47	76.14	69.27	72.54	88.90	95.87	92.26	84.49
245	79.11	74.00	84.97	82.86	80.67	81.75	93.88	95.77	94.82	89.67
300	76.52	71.33	82.53	78.69	76.47	77.57	92.43	94.54	93.47	86.76
255	77.69	71.89	84.52	82.32	79.68	80.98	93.35	95.83	94.57	88.82
235	78.07	75.62	80.69	78.65	77.48	78.06	93.37	94.13	93.75	88.35
25	67.23	68.97	65.57	66.25	69.74	67.95	91.52	87.43	89.43	82.67
295	78.37	73.16	84.36	80.59	77.71	79.13	92.91	95.34	94.11	87.97
100	74.79	70.00	80.28	72.01	69.18	70.57	90.49	93.46	91.95	85.68
55	63.37	68.09	59.26	66.08	70.19	68.07	92.95	88.04	90.42	83.22
155	72.56	62.84	85.85	74.38	66.96	70.48	88.13	95.90	91.85	84.03
165	78.96	76.18	81.96	82.38	81.86	82.12	94.80	94.87	94.84	89.18
520	77.99	74.68	81.61	80.33	78.72	79.52	93.59	94.57	94.08	88.53
125	74.16	66.37	84.03	77.49	72.60	74.96	90.55	95.38	92.90	85.70
485	77.12	72.17	82.80	79.84	77.18	78.49	92.78	94.99	93.88	88.03
520	78.61	74.98	82.60	81.47	79.75	80.60	93.76	95.01	94.38	89.00
355	80.08	75.72	84.97	81.71	79.57	80.63	93.69	95.36	94.52	89.82
20	79.21	72.73	86.96	76.67	74.19	75.41	91.94	94.32	93.12	88.27
550	78.73	74.82	83.08	80.94	78.91	79.91	93.51	95.00	94.25	88.93
10	45.45	62.50	35.71	64.86	75.00	69.57	95.35	83.72	89.16	84.21
520	77.99	74.04	82.39	80.23	78.48	79.34	93.47	94.75	94.11	88.57
240	76.65	70.91	83.40	79.40	76.77	78.06	92.64	95.13	93.87	87.37
405	76.96	73.28	81.02	79.68	77.97	78.82	93.10	94.37	93.73	87.62
425	77.77	73.23	82.92	80.12	77.61	78.85	92.95	94.97	93.95	87.87
315	77.53	72.62	83.15	79.02	76.41	77.69	92.55	94.88	93.70	87.86
345	79.53	74.94	84.73	81.86	79.82	80.83	93.74	95.37	94.54	89.64
370	80.00	75.97	84.48	81.70	79.87	80.77	93.87	95.22	94.54	89.78
55	72.65	73.91	71.43	70.78	74.15	72.43	93.55	90.00	91.74	84.91
215	74.19	65.85	84.94	75.61	70.00	72.70	89.60	95.37	92.40	85.22
225	77.60	71.01	85.54	80.30	76.71	78.47	92.24	95.49	93.84	86.87
435	76.61	73.10	80.46	79.82	78.07	78.93	93.36	94.55	93.95	88.11
150	74.50	71.94	77.24	78.22	78.40	78.31	93.63	92.86	93.24	86.84
70	79.55	79.33	79.78	72.45	74.35	73.39	93.72	91.53	92.61	87.35
525	77.42	73.75	81.48	80.01	78.18	79.09	93.37	94.66	94.01	88.33
240	79.34	74.09	85.40	83.80	81.77	82.77	94.20	96.00	95.09	89.72
470	78.43	74.65	82.60	81.06	79.20	80.12	93.49	94.81	94.15	88.50
155	78.76	75.58	82.20	75.85	72.85	74.32	91.79	94.08	92.92	87.31
440	76.53	72.41	81.14	79.70	77.60	78.63	93.03	94.63	93.82	88.07
325	76.41	71.39	82.19	79.58	76.91	78.22	92.44	94.71	93.56	86.93
145	72.52	63.11	85.25	75.39	68.41	71.73	88.68	95.77	92.09	84.06
280	77.55	74.10	81.34	79.05	77.38	78.21	93.12	94.45	93.78	87.85
365	76.23	72.39	80.51	79.86	77.97	78.90	92.98	94.34	93.66	87.37
320	79.94	76.33	83.90	82.36	81.30	81.83	94.48	95.19	94.83	90.18
105	78.89	73.45	85.20	73.99	70.14	72.01	90.98	94.51	92.71	86.31
315	76.22	71.78	81.24	80.00	78.22	79.10	93.07	94.53	93.79	86.99
260	76.85	70.58	84.35	80.89	78.04	79.44	92.78	95.61	94.17	88.38
165	76.70	73.99	79.62	73.05	70.84	71.93	91.47	93.20	92.33	86.55
480	77.35	73.74	81.34	80.18	78.34	79.25	93.37	94.64	94.00	88.32
265	77.39	71.84	83.86	81.85	79.33	80.57	93.29	95.63	94.45	88.75
420	76.39	72.13	81.18	79.30	76.91	78.09	92.78	94.63	93.70	87.89
365	77.61	70.67	86.07	81.35	77.26	79.25	92.22	95.98	94.06	88.18
50	76.30	76.30	76.30	67.61	68.57	68.09	91.93	90.59	91.25	85.35
300	77.07	71.37	83.77	80.80	78.06	79.41	92.85	95.31	94.06	87.43
135	73.83	74.12	73.54	75.37	76.90	76.13	94.12	92.08	93.09	87.31
260	76.60	71.99	81.85	80.52	78.49	79.49	93.24	94.80	94.02	87.77
220	77.57	75.36	79.91	77.62	76.39	77.00	93.09	93.87	93.48	88.07
205	74.89	68.14	83.14	76.98	73.29	75.09	91.20	94.80	92.97	85.91
485	77.60	74.49	81.00	79.64	78.01	78.81	93.53	94.49	94.01	88.60
370	79.10	74.60	84.18	82.17	80.15	81.15	93.79	95.36	94.57	88.60
310	80.13	75.33	85.57	83.09	80.71	81.88	94.03	95.93	94.97	90.12
335	78.57	72.35	85.95	80.77	77.14	78.91	92.47	95.67	94.05	88.67
450	78.56	74.88	82.63	80.90	79.21	80.05	93.58	94.78	94.18	88.67
110	73.40	75.25	71.63	75.44	77.74	76.58	94.71	91.87	93.27	87.73
160	78.31	75.13	81.77	75.52	72.65	74.06	91.71	93.98	92.83	87.16
110	83.45	79.80	87.45	83.10	81.42	82.25	94.44	95.92	95.18	89.73
35	64.34	63.89	64.79	64.08	66.00	65.02	91.34	88.85	90.08	82.04
150	77.26	76.24	78.31	78.19	78.19	78.19	94.13	93.49	93.81	88.29
495	77.03	71.31	83.75	79.17	75.87	77.49	92.19	95.14	93.64	87.80
230	76.74	72.68	81.29	78.19	76.64	77.41	92.81	93.90	93.35	87.35
355	78.02	73.75	82.81	79.70	77.91	78.79	93.16	94.67	93.91	88.31
260	76.27	72.33	80.67	78.87	77.69	78.27	93.02	93.85	93.43	86.99
40	79.25	85.14	74.12	80.33	85.22	82.70	97.74	92.18	94.88	90.03
510	78.08	74.28	82.29	80.72	78.76	79.73	93.53	94.90	94.21	88.59
550	78.70	74.76	83.08	81.05	78.97	80.00	93.50	95.03	94.26	88.91
45	79.66	79.66	79.66	70.23	71.32	70.77	92.65	91.26	91.95	88.06
195	79.90	75.79	84.47	84.02	82.69	83.35	94.77	95.67	95.22	89.99
375	75.99	70.78	82.02	79.08	76.24	77.64	92.31	94.77	93.52	87.28
540	77.81	74.62	81.27	80.34	78.90	79.61	93.65	94.49	94.07	88.50
325	77.94	71.50	85.65	80.69	76.93	78.76	92.26	95.71	93.95	88.16
55	78.67	74.68	83.10	70.67	69.74	70.20	91.43	92.59	92.00	86.30
205	78.25	72.17	85.45	80.84	77.18	78.97	92.60	95.69	94.12	87.44
525	78.73	75.17	82.64	81.20	79.43	80.31	93.62	94.88	94.24	88.91
185	73.52	64.38	85.68	75.36	68.90	71.98	89.05	95.71	92.26	84.86
365	79.29	74.91	84.20	82.38	80.48	81.42	93.90	95.36	94.62	88.62
275	79.39	74.83	84.54	82.70	80.25	81.45	93.88	95.81	94.83	89.90
135	83.44	79.77	87.46	85.29	84.14	84.71	95.27	95.99	95.63	90.25
290	77.88	71.71	85.21	80.33	77.31	78.79	92.75	95.51	94.11	87.68
535	78.81	74.90	83.15	81.05	78.80	79.91	93.36	95.02	94.19	88.84
80	70.38	71.13	69.66	74.60	76.45	75.51	93.84	91.62	92.72	86.90
160	80.26	75.92	85.12	80.09	77.38	78.71	93.17	95.28	94.21	88.30
350	76.71	70.37	84.30	80.25	76.64	78.40	92.08	95.38	93.70	87.58
460	76.73	72.87	81.03	79.31	77.31	78.30	93.09	94.53	93.80	88.08
310	78.25	73.47	83.70	81.65	79.44	80.53	93.59	95.38	94.48	88.24
45	81.08	85.23	77.32	80.30	83.46	81.85	96.95	92.98	94.92	90.30
295	79.14	74.26	84.70	83.04	80.83	81.92	93.96	95.74	94.84	89.74
435	77.88	71.67	85.28	80.72	77.60	79.13	92.59	95.45	94.00	88.32
295	77.31	74.09	80.83	78.67	76.44	77.54	92.81	94.38	93.59	87.96
195	73.03	65.28	82.87	75.80	71.25	73.45	90.26	95.04	92.59	85.09
375	78.19	71.77	85.87	81.46	77.77	79.57	92.49	95.78	94.11	88.58
205	78.73	74.19	83.85	83.48	81.67	82.56	94.23	95.62	94.92	89.55
295	76.82	70.91	83.80	79.51	76.67	78.06	92.52	95.12	93.80	87.14
15	78.16	72.34	85.00	75.00	71.74	73.33	90.82	94.44	92.60	86.23
125	80.06	74.93	85.96	76.36	72.62	74.45	91.61	94.92	93.23	87.65
445	77.14	70.85	84.66	80.48	76.95	78.68	92.26	95.51	93.86	87.80
290	77.48	74.05	81.24	79.28	77.01	78.13	92.90	94.58	93.73	88.02
265	78.09	71.74	85.69	80.75	77.30	78.99	92.62	95.70	94.13	87.62
500	78.65	74.96	82.74	81.12	79.10	80.10	93.50	94.91	94.20	88.77
290	77.42	72.57	82.97	80.20	77.59	78.87	92.90	94.98	93.92	87.75
190	80.89	74.44	88.56	82.90	79.13	80.97	93.29	96.47	94.85	88.72
50	78.43	76.92	80.00	73.76	73.76	73.76	92.45	92.38	92.41	87.21
170	80.66	78.65	82.77	83.61	83.61	83.61	95.56	95.06	95.31	90.17
310	77.15	72.22	82.80	78.40	75.50	76.92	92.21	94.79	93.49	87.68
525	78.37	74.42	82.76	80.66	78.81	79.72	93.53	94.85	94.18	88.75
55	80.15	76.64	84.00	81.08	77.92	79.47	93.32	95.45	94.37	88.37
250	77.89	71.70	85.26	80.56	77.46	78.98	92.73	95.42	94.05	87.27
210	78.04	71.94	85.27	80.18	76.49	78.29	92.44	95.49	93.94	87.35
545	78.90	75.35	82.81	81.37	79.67	80.51	93.83	94.99	94.41	89.00
540	78.64	75.08	82.55	81.36	79.64	80.49	93.84	94.99	94.41	88.90
140	74.95	73.19	76.81	76.96	76.96	76.96	93.60	93.16	93.38	87.57
550	78.43	74.56	82.72	80.86	78.79	79.81	93.46	94.96	94.21	88.77
275	77.98	70.88	86.67	81.17	77.29	79.18	92.29	95.94	94.08	87.30
485	78.74	75.45	82.34	81.43	79.82	80.62	93.86	94.94	94.40	89.16
15	64.00	80.00	53.33	68.63	77.78	72.92	96.52	85.57	90.72	85.83
90	77.70	72.73	83.41	73.64	70.68	72.13	91.27	94.05	92.64	86.13
495	78.44	74.82	82.42	80.72	78.74	79.72	93.46	94.81	94.13	88.66
405	77.25	70.65	85.20	80.37	76.50	78.39	92.07	95.66	93.83	87.84
510	79.89	76.23	83.92	82.05	80.04	81.03	93.83	95.24	94.53	89.41
505	79.05	75.33	83.16	81.35	79.23	80.28	93.57	95.06	94.31	88.97
320	77.04	71.04	84.15	79.66	76.24	77.91	92.11	95.30	93.68	87.75
520	78.25	73.93	83.10	80.91	78.82	79.85	93.40	94.99	94.19	88.67
305	77.82	74.78	81.12	79.53	77.99	78.76	93.41	94.42	93.92	88.28
360	77.54	71.21	85.10	81.23	77.84	79.50	92.58	95.64	94.08	88.22
425	78.49	75.92	81.24	80.46	79.41	79.93	93.89	94.35	94.12	88.69
255	77.33	73.46	81.63	79.18	77.23	78.19	92.95	94.57	93.75	87.62
260	77.83	74.42	81.56	78.76	77.06	77.90	93.00	94.33	93.66	87.87
375	79.03	74.91	83.63	81.76	79.93	80.83	93.81	95.21	94.50	88.58
330	80.00	75.95	84.51	82.79	81.33	82.05	94.39	95.44	94.91	90.08
215	78.94	74.57	83.86	83.69	82.21	82.94	94.36	95.60	94.98	89.42
365	76.91	72.11	82.40	79.00	76.52	77.74	92.62	94.77	93.68	87.66
290	76.13	70.78	82.34	79.09	76.56	77.81	92.32	94.63	93.46	86.34
385	77.34	70.49	85.66	80.22	76.17	78.15	91.96	95.76	93.82	87.96
390	76.41	73.40	79.68	79.27	77.65	78.45	93.13	94.11	93.62	87.51
70	69.06	76.19	63.16	68.42	74.87	71.50	94.98	87.64	91.16	84.36
20	70.18	64.52	76.92	80.00	80.00	80.00	93.57	94.38	93.97	87.50
195	75.61	69.17	83.37	77.26	73.52	75.34	91.20	94.74	92.93	86.41
500	77.82	73.79	82.31	80.21	78.17	79.18	93.33	94.77	94.05	88.47
310	77.64	72.45	83.62	79.58	76.75	78.14	92.59	95.01	93.78	88.19
390	79.46	75.90	83.38	81.58	79.79	80.68	93.90	95.13	94.51	89.62
130	72.84	73.58	72.11	74.04	75.99	75.00	93.97	91.45	92.69	86.84
40	64.47	66.22	62.82	63.41	67.24	65.27	92.00	87.81	89.86	83.07
540	77.83	74.28	81.74	80.09	78.35	79.21	93.45	94.66	94.06	88.49
250	76.97	71.22	83.73	81.40	79.18	80.28	93.25	95.42	94.32	88.54
15	68.29	66.67	70.00	80.43	84.09	82.22	95.08	92.90	93.98	86.32
325	77.17	73.19	81.61	79.80	77.67	78.72	92.96	94.64	93.79	87.90
430	78.67	75.93	81.61	80.93	79.95	80.44	94.01	94.54	94.27	88.72
280	77.55	71.28	85.03	80.76	77.50	79.10	92.65	95.54	94.07	87.28
540	78.49	74.82	82.53	81.12	79.26	80.18	93.61	94.93	94.26	88.82
545	78.55	74.68	82.85	81.02	79.03	80.01	93.52	94.98	94.24	88.84
105	76.41	72.62	80.62	74.83	72.79	73.79	91.79	93.72	92.75	86.85
95	74.73	75.14	74.32	75.87	77.22	76.54	94.24	92.49	93.36	87.96
360	77.34	73.09	82.12	79.50	77.58	78.53	93.05	94.62	93.83	87.91
180	72.69	63.01	85.87	74.79	67.62	71.03	88.32	95.83	91.92	84.07
275	79.32	75.04	84.12	83.21	81.84	82.52	94.43	95.41	94.92	89.17
455	76.76	72.83	81.13	79.68	77.58	78.61	93.10	94.65	93.87	88.05
220	75.08	70.66	80.09	78.34	76.71	77.52	92.63	93.90	93.26	86.49
200	78.32	75.49	81.37	78.04	76.13	77.07	92.94	94.34	93.63	88.42
245	76.34	72.84	80.19	78.44	77.32	77.87	93.12	94.05	93.59	87.21
285	77.59	73.63	82.00	78.62	76.41	77.50	92.74	94.58	93.65	87.89
110	78.09	72.46	84.67	73.43	69.08	71.19	90.46	94.47	92.42	85.99
455	78.42	74.85	82.34	80.86	79.01	79.92	93.51	94.75	94.13	88.66
400	76.98	73.18	81.20	79.52	77.72	78.61	93.08	94.45	93.76	87.65
150	73.46	64.32	85.62	76.13	69.66	72.75	89.12	95.76	92.32	84.54
445	78.74	75.10	82.75	81.07	79.42	80.24	93.65	94.82	94.23	88.71
40	72.46	75.00	70.09	63.87	66.67	65.24	91.67	88.00	89.80	84.25
180	73.39	68.79	78.65	75.55	73.79	74.66	91.68	93.04	92.36	85.90
130	73.23	65.04	83.76	76.20	70.79	73.40	89.95	95.33	92.56	85.24
420	78.41	75.80	81.19	80.82	79.82	80.32	93.95	94.41	94.18	88.65
400	77.06	70.16	85.46	79.66	75.36	77.45	91.67	95.63	93.61	87.73
100	77.65	71.74	84.62	73.18	68.71	70.87	90.33	94.48	92.36	85.80
175	72.16	62.45	85.44	73.80	66.40	69.91	87.96	95.72	91.68	83.83
515	79.75	76.29	83.54	81.61	79.80	80.69	93.84	95.08	94.46	89.32
195	78.29	74.83	82.08	77.02	74.82	75.91	92.54	94.29	93.41	88.32
230	79.52	75.51	83.98	83.94	82.93	83.43	94.85	95.61	95.23	89.82
195	80.22	73.14	88.81	82.62	78.33	80.42	92.76	96.55	94.62	88.17
125	84.81	80.97	89.04	85.20	83.68	84.43	95.09	96.42	95.75	90.64
470	77.98	73.85	82.60	79.70	77.60	78.64	93.22	94.81	94.01	88.55
475	77.14	71.57	83.65	80.35	77.38	78.84	92.67	95.25	93.94	87.99
165	75.45	70.51	81.12	78.52	77.02	77.77	92.52	93.83	93.17	86.83
130	78.37	74.18	83.06	74.50	71.23	72.83	91.45	94.18	92.80	87.13
475	78.61	74.51	83.19	81.37	79.02	80.18	93.36	95.17	94.26	88.99
460	77.23	71.49	83.97	80.64	77.57	79.07	92.65	95.41	94.01	88.03
435	79.00	74.31	84.32	81.06	78.65	79.84	93.33	95.29	94.30	88.63
245	75.63	71.70	80.00	78.46	77.44	77.95	93.05	93.75	93.40	86.75
370	77.57	73.78	81.77	81.41	79.74	80.57	93.62	94.78	94.20	88.17
530	78.68	74.46	83.39	81.06	78.63	79.83	93.25	95.12	94.18	88.79
500	77.23	72.31	82.86	79.45	76.88	78.14	92.74	94.91	93.81	88.02
120	74.69	68.06	82.75	77.27	73.28	75.22	91.10	94.91	92.97	85.95
535	77.71	74.75	80.92	80.43	78.98	79.70	93.74	94.55	94.14	88.51
220	78.29	71.66	86.27	81.12	77.44	79.24	92.50	95.83	94.14	87.44
405	76.50	71.78	81.88	79.02	76.35	77.66	92.47	94.65	93.55	87.82
165	81.57	77.64	85.90	81.90	79.91	80.89	94.05	95.50	94.77	89.01
445	78.39	74.24	83.02	81.24	78.76	79.98	93.42	95.22	94.31	88.43
10	66.67	100.00	50.00	68.57	82.76	75.00	100.00	83.33	90.91	85.87
255	76.91	70.56	84.51	79.94	76.36	78.11	92.25	95.40	93.79	86.67
300	78.38	73.08	84.52	80.12	77.22	78.64	92.78	95.29	94.01	88.08
395	77.17	73.00	81.84	79.27	77.17	78.21	93.02	94.66	93.83	87.59
85	73.36	65.42	83.51	76.17	71.03	73.51	89.46	94.95	92.12	85.10
175	77.81	74.29	81.68	75.47	73.48	74.46	92.14	93.83	92.98	87.33
90	71.52	73.75	69.41	74.01	76.49	75.23	94.51	91.35	92.91	87.02
515	77.80	74.04	81.97	80.34	78.62	79.47	93.50	94.67	94.08	88.55
395	79.23	75.17	83.76	81.81	79.90	80.84	93.75	95.22	94.48	89.46
10	72.73	70.59	75.00	76.67	82.14	79.31	95.12	91.87	93.47	86.15
335	76.90	73.66	80.44	80.40	79.32	79.85	93.74	94.44	94.09	88.01
175	80.06	77.90	82.34	83.80	83.47	83.63	95.33	95.09	95.21	89.83
55	76.16	71.81	81.06	73.86	71.52	72.67	91.26	93.55	92.39	86.35
395	76.69	73.03	80.74	79.82	78.28	79.04	93.23	94.36	93.79	87.57
545	78.71	75.06	82.72	81.14	79.44	80.28	93.63	94.85	94.24	88.90
65	79.40	80.61	78.24	72.53	75.00	73.74	94.08	91.29	92.66	87.15
400	76.19	71.30	81.80	79.12	76.28	77.67	92.38	94.73	93.54	87.72
250	77.04	71.34	83.75	79.01	76.66	77.82	92.37	94.57	93.46	87.05
85	79.19	73.14	86.34	77.73	73.39	75.50	91.49	95.55	93.47	87.14
