405	65.54	72.56	59.75	67.08	73.84	70.29	94.78	86.93	90.69	84.82
15	75.47	76.92	74.07	78.43	81.63	80.00	95.17	92.27	93.70	90.58
145	63.91	68.99	59.53	65.93	72.15	68.90	94.16	86.72	90.29	83.44
415	63.75	69.71	58.72	67.07	73.66	70.21	94.47	86.88	90.52	83.79
550	64.52	71.51	58.77	66.61	73.53	69.90	94.69	86.65	90.49	84.05
455	64.93	71.98	59.14	66.98	73.83	70.24	94.72	86.84	90.61	84.63
460	65.66	71.59	60.64	67.95	74.62	71.13	94.80	87.23	90.85	84.15
305	65.01	69.72	60.90	68.38	74.83	71.46	94.65	87.42	90.89	83.38
475	65.20	71.22	60.12	67.48	74.06	70.62	94.63	87.11	90.72	84.20
170	63.00	68.44	58.36	65.69	72.43	68.90	94.11	86.39	90.08	83.30
320	65.08	69.65	61.08	68.43	74.62	71.39	94.53	87.57	90.91	83.57
365	65.38	71.43	60.27	66.70	73.30	69.84	94.59	86.95	90.61	84.62
230	65.00	69.37	61.15	67.28	74.18	70.56	94.55	86.76	90.48	82.64
475	63.95	70.41	58.57	66.34	73.06	69.54	94.54	86.69	90.44	83.80
440	64.06	69.77	59.22	67.16	73.75	70.30	94.52	86.96	90.59	83.99
410	63.51	70.91	57.51	66.36	73.62	69.80	94.72	86.24	90.28	83.16
235	64.94	70.66	60.08	67.02	74.04	70.36	94.77	86.95	90.69	83.96
190	63.16	68.47	58.61	65.96	72.88	69.24	94.25	86.51	90.22	83.38
330	63.42	69.70	58.18	66.92	73.89	70.23	94.57	86.52	90.36	82.88
135	64.70	75.76	56.45	63.06	70.71	66.67	94.89	85.27	89.82	82.75
270	63.54	73.27	56.08	64.82	72.70	68.54	95.18	85.57	90.12	83.36
230	64.44	70.35	59.45	66.67	73.83	70.06	94.74	86.72	90.55	83.61
340	65.14	70.93	60.23	68.20	74.87	71.38	94.77	87.25	90.85	83.32
200	64.23	70.89	58.71	66.51	73.51	69.83	94.71	86.52	90.43	83.38
535	64.39	71.41	58.63	66.57	73.55	69.89	94.68	86.59	90.46	83.99
355	62.75	69.88	56.94	66.23	73.17	69.53	94.59	86.43	90.33	83.69
440	64.09	71.43	58.11	66.74	73.84	70.11	94.74	86.48	90.42	83.53
60	66.93	78.50	58.33	68.21	76.88	72.28	95.94	86.41	90.93	84.51
210	64.50	70.68	59.31	66.32	73.55	69.75	94.63	86.55	90.41	83.68
75	67.38	79.83	58.28	65.55	75.00	69.96	96.59	85.63	90.78	84.84
355	65.31	71.43	60.16	67.92	74.56	71.09	94.75	87.17	90.80	83.50
35	65.15	69.35	61.43	67.57	71.43	69.44	93.52	87.79	90.57	84.72
450	63.77	69.97	58.58	66.46	72.98	69.57	94.38	86.78	90.42	83.78
190	64.51	74.84	56.68	65.41	72.94	68.97	95.16	85.94	90.32	83.93
490	64.76	70.57	59.84	66.86	73.38	69.97	94.45	86.94	90.54	84.10
335	63.48	70.12	57.99	66.67	73.79	70.05	94.65	86.37	90.32	82.83
260	65.16	69.46	61.37	67.88	74.28	70.93	94.52	87.16	90.69	82.90
20	65.00	81.25	54.17	66.67	76.36	71.19	96.21	85.04	90.28	82.82
460	64.79	71.94	58.93	66.94	73.81	70.21	94.73	86.78	90.58	84.56
75	67.07	70.06	64.33	66.52	71.29	68.82	93.62	87.85	90.65	82.64
105	68.32	73.99	63.46	65.59	72.08	68.69	94.30	86.81	90.40	82.61
80	65.81	78.03	56.91	64.06	73.87	68.62	96.27	84.94	90.25	84.22
120	69.39	74.50	64.93	67.71	73.99	70.71	94.69	87.60	91.01	83.16
305	64.17	71.46	58.23	66.67	74.07	70.18	94.89	86.31	90.40	83.03
380	63.85	71.11	57.93	67.22	74.38	70.62	94.84	86.54	90.50	83.47
310	64.14	71.32	58.28	66.87	74.15	70.32	94.83	86.38	90.41	83.14
30	58.82	66.67	52.63	62.89	69.32	65.95	93.48	85.09	89.09	83.13
420	65.13	72.47	59.14	66.84	73.76	70.13	94.79	86.76	90.59	84.76
225	63.74	75.00	55.41	64.97	72.99	68.75	95.36	85.48	90.15	83.85
340	63.68	70.07	58.36	67.04	74.02	70.36	94.64	86.56	90.42	82.95
280	64.98	72.55	58.83	67.15	75.16	70.93	95.46	86.50	90.76	84.24
385	63.66	69.34	58.85	66.72	73.28	69.85	94.38	86.82	90.44	83.65
250	64.95	71.56	59.45	67.54	74.83	71.00	95.07	86.91	90.80	84.11
165	63.07	69.82	57.51	65.54	72.77	68.97	94.45	86.12	90.09	83.45
415	65.20	70.80	60.42	67.61	74.16	70.73	94.64	87.18	90.76	83.58
170	62.44	73.19	54.45	63.28	71.16	66.99	94.83	84.94	89.62	82.33
480	63.70	70.22	58.29	66.30	73.09	69.53	94.55	86.63	90.42	83.76
470	64.57	70.01	59.92	66.96	73.36	70.01	94.39	86.99	90.54	84.10
70	59.39	70.83	51.13	64.10	72.12	67.87	94.97	84.90	89.65	83.63
350	65.64	71.36	60.76	68.37	74.85	71.46	94.74	87.39	90.92	83.68
25	59.57	70.00	51.85	60.00	66.67	63.16	93.09	84.23	88.44	81.82
140	67.80	73.98	62.58	67.83	75.00	71.24	95.03	87.03	90.86	83.61
320	64.02	70.97	58.31	67.36	74.48	70.74	94.83	86.56	90.50	83.35
430	64.09	70.12	59.01	66.62	73.05	69.68	94.34	86.89	90.46	83.90
120	63.43	76.07	54.39	66.58	74.86	70.48	95.70	85.79	90.47	84.87
325	65.35	70.76	60.70	67.79	74.05	70.78	94.60	87.52	90.92	84.98
200	66.34	71.47	61.89	67.32	74.19	70.59	94.61	86.81	90.54	83.19
130	65.17	73.39	58.61	65.76	72.95	69.17	94.96	86.26	90.40	83.99
245	64.95	68.93	61.40	67.33	73.66	70.35	94.29	87.01	90.51	82.79
340	63.01	70.45	57.00	66.33	73.62	69.79	94.81	86.33	90.37	83.80
285	65.35	69.47	61.69	68.33	74.69	71.37	94.59	87.43	90.87	83.17
160	61.54	70.00	54.90	66.73	74.57	70.43	95.26	86.20	90.50	83.01
390	63.64	69.27	58.85	66.93	73.33	69.99	94.34	86.95	90.50	83.80
540	64.73	72.58	58.41	66.72	73.92	70.14	94.95	86.57	90.57	84.20
115	69.75	75.73	64.64	67.35	73.87	70.46	94.76	87.35	90.91	83.39
425	63.71	69.47	58.84	66.89	73.45	70.02	94.42	86.86	90.48	83.93
220	63.89	69.43	59.16	66.24	73.26	69.57	94.51	86.61	90.39	83.31
230	63.43	74.24	55.37	64.74	72.77	68.52	95.32	85.43	90.10	83.60
140	64.86	76.27	56.43	63.27	71.17	66.99	95.06	85.26	89.89	82.85
150	65.93	70.71	61.76	66.52	73.08	69.64	94.18	86.81	90.35	82.41
110	67.45	76.47	60.34	66.76	74.59	70.46	95.91	86.66	91.05	84.68
495	64.19	70.37	59.01	66.37	73.11	69.58	94.51	86.67	90.42	83.87
95	61.26	71.34	53.67	60.74	68.30	64.30	94.23	84.46	89.08	80.60
75	65.29	75.40	57.58	68.67	76.34	72.30	95.49	87.01	91.05	84.99
60	62.41	75.45	53.21	57.98	66.46	61.93	94.42	83.27	88.50	80.08
345	65.27	71.08	60.33	68.15	74.72	71.28	94.71	87.25	90.83	83.35
50	55.81	69.57	46.60	59.39	68.53	63.64	94.44	82.72	88.20	81.00
90	62.54	72.08	55.22	66.11	74.62	70.11	95.19	85.67	90.18	83.27
30	66.02	69.39	62.96	71.43	76.09	73.68	94.65	88.81	91.64	86.17
440	64.48	71.53	58.69	66.76	73.66	70.04	94.66	86.70	90.51	84.42
470	65.64	71.41	60.74	67.90	74.32	70.96	94.68	87.33	90.86	84.39
450	64.55	70.33	59.65	67.34	73.84	70.44	94.54	87.08	90.66	84.16
265	65.15	72.35	59.25	67.52	75.26	71.18	95.34	86.69	90.81	84.50
210	64.83	71.35	59.40	67.17	74.12	70.48	94.82	86.71	90.58	83.70
495	64.94	71.26	59.64	66.92	73.54	70.07	94.61	86.94	90.61	84.13
280	64.02	72.53	57.29	65.95	73.92	69.71	95.11	85.80	90.21	82.84
135	65.36	73.25	59.01	65.80	72.89	69.16	94.92	86.38	90.45	84.04
530	64.43	71.25	58.79	66.29	73.24	69.59	94.64	86.54	90.41	83.93
120	63.18	73.71	55.28	60.86	68.17	64.31	94.24	84.66	89.20	81.27
515	64.74	71.06	59.45	66.85	73.57	70.05	94.62	86.84	90.56	83.93
205	64.25	70.25	59.19	66.57	73.74	69.97	94.65	86.66	90.48	83.81
155	65.64	70.76	61.21	66.03	72.79	69.25	94.20	86.61	90.25	82.36
535	64.75	72.54	58.47	66.69	73.90	70.11	94.95	86.56	90.56	84.19
275	63.78	72.17	57.14	65.82	73.74	69.55	95.03	85.76	90.15	82.75
360	65.02	71.10	59.89	66.52	73.07	69.64	94.52	86.91	90.56	84.46
455	64.18	69.72	59.45	67.15	73.61	70.23	94.43	86.99	90.55	84.03
545	64.67	71.65	58.92	66.70	73.67	70.02	94.72	86.67	90.51	84.04
425	63.83	69.72	58.85	66.69	73.07	69.74	94.33	86.90	90.46	83.94
480	64.38	71.15	58.79	66.71	73.59	69.98	94.64	86.67	90.48	83.71
100	68.27	73.58	63.67	65.54	71.85	68.55	94.23	86.99	90.47	82.61
535	64.44	71.22	58.83	66.34	73.26	69.63	94.63	86.57	90.42	83.96
350	63.45	69.93	58.06	66.94	73.86	70.23	94.59	86.54	90.39	83.14
500	65.32	72.80	59.23	66.98	74.02	70.32	94.86	86.79	90.64	84.64
190	64.13	70.57	58.77	68.33	75.32	71.65	95.14	87.32	91.06	83.96
235	64.85	72.96	58.37	67.07	74.70	70.68	95.22	86.35	90.57	83.72
205	64.23	75.46	55.91	65.05	73.16	68.87	95.39	85.48	90.16	83.68
155	61.13	70.43	54.00	66.07	74.22	69.90	95.26	85.76	90.26	82.85
270	63.71	71.62	57.37	66.12	73.82	69.76	94.94	85.96	90.22	82.92
525	64.59	71.20	59.10	66.85	73.65	70.08	94.67	86.77	90.55	83.94
120	65.66	73.79	59.14	65.60	72.78	69.00	95.01	86.36	90.48	84.15
200	63.84	69.65	58.92	66.04	73.23	69.45	94.52	86.50	90.33	83.60
490	63.96	70.58	58.48	66.22	73.05	69.47	94.58	86.57	90.40	83.86
75	63.23	76.56	53.85	58.90	67.80	63.04	94.88	83.38	88.76	81.22
270	65.11	72.73	58.93	67.24	75.16	70.98	95.43	86.55	90.77	84.47
390	62.50	68.25	57.64	66.56	73.08	69.67	94.25	86.70	90.32	83.48
285	64.38	70.09	59.53	67.40	73.68	70.40	94.53	87.32	90.78	84.68
95	66.48	76.58	58.74	65.45	73.78	69.37	95.89	85.96	90.66	84.63
25	65.17	67.44	63.04	72.29	76.92	74.53	94.59	88.89	91.65	86.10
445	64.62	71.80	58.75	66.69	73.67	70.01	94.72	86.67	90.51	84.44
30	66.67	86.67	54.17	66.34	77.91	71.66	97.49	84.34	90.44	84.27
20	68.42	70.27	66.67	76.92	79.37	78.13	94.69	91.21	92.92	86.44
275	64.13	73.44	56.92	65.19	72.90	68.83	95.16	85.83	90.26	83.53
160	62.87	69.42	57.44	65.70	72.90	69.11	94.40	86.12	90.07	83.19
210	64.00	75.61	55.48	64.90	73.21	68.80	95.50	85.36	90.14	83.77
440	65.87	71.50	61.06	67.99	74.51	71.10	94.72	87.36	90.89	84.04
150	64.19	76.61	55.23	63.00	71.29	66.89	95.17	84.83	89.71	82.44
30	80.39	83.67	77.36	80.22	82.95	81.56	96.67	93.21	94.90	91.94
255	63.68	71.33	57.52	66.09	73.89	69.77	94.96	85.94	90.23	82.93
510	65.03	72.79	58.77	66.81	74.01	70.22	94.92	86.63	90.59	84.47
370	61.95	68.09	56.83	66.36	73.00	69.52	94.33	86.58	90.29	83.41
160	63.09	68.31	58.61	66.40	72.97	69.53	94.35	86.70	90.36	82.92
340	64.92	70.52	60.15	67.06	73.52	70.14	94.57	87.18	90.72	84.85
295	64.47	72.11	58.29	66.34	73.94	69.94	94.98	86.14	90.35	82.92
360	63.67	70.48	58.06	67.13	74.23	70.50	94.76	86.55	90.47	83.46
460	64.08	71.21	58.25	66.53	73.55	69.86	94.66	86.48	90.38	83.59
300	64.10	69.31	59.62	67.33	73.61	70.33	94.48	87.33	90.76	84.60
180	66.48	72.02	61.73	67.45	74.45	70.78	94.86	86.95	90.74	83.17
435	64.07	71.37	58.12	66.62	73.70	69.98	94.73	86.47	90.41	83.40
35	69.92	74.14	66.15	74.07	79.21	76.56	96.16	90.35	93.17	87.15
10	75.56	80.95	70.83	70.00	75.00	72.41	94.93	90.22	92.51	88.17
235	65.25	69.86	61.20	67.17	74.24	70.53	94.66	86.70	90.51	82.75
335	64.94	70.60	60.12	67.10	73.67	70.23	94.64	87.16	90.75	84.86
125	63.77	77.19	54.32	66.59	75.14	70.60	95.87	85.66	90.48	84.79
465	64.40	69.92	59.68	66.98	73.40	70.04	94.38	86.97	90.53	84.03
430	64.02	69.68	59.21	66.98	73.56	70.12	94.48	86.92	90.54	83.89
180	63.21	69.89	57.69	68.29	75.53	71.73	95.29	87.16	91.05	83.63
235	63.83	69.58	58.97	66.98	73.54	70.10	94.55	87.12	90.68	84.34
445	63.89	69.88	58.84	66.57	73.02	69.65	94.36	86.89	90.47	83.88
380	64.95	71.72	59.35	66.56	73.42	69.82	94.69	86.70	90.52	84.53
500	65.06	71.28	59.84	67.04	73.60	70.17	94.60	87.01	90.65	84.16
85	66.47	77.62	58.12	64.71	73.64	68.88	95.98	85.54	90.46	84.64
90	66.86	77.63	58.71	64.91	74.00	69.16	96.18	85.56	90.56	84.58
515	64.50	71.21	58.95	66.63	73.53	69.91	94.62	86.66	90.47	84.05
285	64.89	73.02	58.39	66.92	75.12	70.79	95.54	86.30	90.69	84.05
115	63.16	73.89	55.15	61.13	68.67	64.68	94.36	84.59	89.21	80.87
415	64.85	72.30	58.80	66.47	73.51	69.81	94.78	86.58	90.49	84.55
315	65.12	69.61	61.18	68.23	74.44	71.20	94.51	87.50	90.87	83.43
60	67.91	81.11	58.40	67.38	77.30	72.00	97.34	86.12	91.39	85.13
495	65.38	73.00	59.20	67.00	74.13	70.39	94.90	86.75	90.64	84.62
50	68.57	72.73	64.86	67.33	71.63	69.42	93.64	88.03	90.75	83.78
155	63.32	67.74	59.43	66.39	72.56	69.34	94.16	86.90	90.39	83.01
10	65.38	70.83	60.71	66.67	66.67	66.67	90.78	89.36	90.07	81.63
40	70.27	85.53	59.63	69.23	79.65	74.07	97.05	86.10	91.25	84.72
480	64.92	70.55	60.12	67.10	73.55	70.18	94.45	87.05	90.60	84.15
450	64.72	71.85	58.87	66.74	73.69	70.04	94.72	86.71	90.54	84.53
45	56.96	71.43	47.37	60.54	70.08	64.96	94.81	82.74	88.36	80.79
80	62.22	70.50	55.68	67.29	75.21	71.03	94.89	86.27	90.38	83.45
380	64.71	70.60	59.72	67.53	74.06	70.65	94.58	87.12	90.70	83.30
45	72.19	80.26	65.59	72.06	79.03	75.38	96.99	89.18	92.92	86.91
410	63.62	69.41	58.73	66.89	73.43	70.01	94.40	86.87	90.48	83.77
490	65.07	71.45	59.74	66.86	73.50	70.02	94.61	86.92	90.60	84.12
435	64.58	72.03	58.52	66.71	73.74	70.05	94.75	86.61	90.50	84.49
105	63.28	74.17	55.17	65.71	73.31	69.30	95.12	85.86	90.26	84.62
415	63.60	70.90	57.66	66.47	73.70	69.90	94.71	86.30	90.31	83.22
100	63.13	74.31	54.87	65.15	72.88	68.80	95.18	85.69	90.18	84.47
140	64.65	71.25	59.17	66.29	72.93	69.45	94.73	86.74	90.56	84.06
60	67.90	69.70	66.19	66.85	70.41	68.59	92.95	88.45	90.64	82.81
465	65.09	72.03	59.38	67.18	74.02	70.44	94.78	86.91	90.67	84.60
190	63.39	70.09	57.86	66.00	73.06	69.35	94.56	86.30	90.24	82.95
315	63.89	71.73	57.59	66.41	74.02	70.01	95.03	86.24	90.42	84.09
410	63.87	69.67	58.96	67.05	73.37	70.07	94.35	87.02	90.54	83.84
145	62.96	73.56	55.04	66.88	75.00	70.71	95.57	86.14	90.61	84.01
225	63.68	69.55	58.73	67.55	74.12	70.68	94.70	87.20	90.79	84.46
520	64.92	72.11	59.03	66.91	73.99	70.27	94.88	86.71	90.61	84.06
225	64.26	70.05	59.35	66.39	73.49	69.76	94.62	86.64	90.46	83.41
240	63.06	72.73	55.67	64.99	72.79	68.67	95.12	85.57	90.10	83.36
145	64.67	76.03	56.27	63.38	71.18	67.05	95.01	85.30	89.89	82.78
410	64.67	70.32	59.86	67.31	73.89	70.45	94.58	87.04	90.65	83.43
515	65.01	72.84	58.70	66.85	74.02	70.25	94.93	86.64	90.60	84.51
180	63.94	74.24	56.15	64.58	72.23	68.19	95.02	85.60	90.07	83.45
385	63.99	71.52	57.89	67.05	74.37	70.52	94.90	86.44	90.47	83.43
505	64.10	70.45	58.80	66.19	73.02	69.44	94.51	86.57	90.37	83.76
25	68.82	84.21	58.18	69.77	78.95	74.07	97.05	86.43	91.43	86.70
385	64.77	70.81	59.68	67.52	74.14	70.67	94.65	87.09	90.71	83.39
430	64.54	71.63	58.72	66.76	73.65	70.04	94.68	86.70	90.52	84.53
250	62.63	72.32	55.24	64.34	72.27	68.07	95.07	85.31	89.93	82.96
125	64.88	73.02	58.36	64.78	72.00	68.20	94.78	85.94	90.15	83.62
95	62.47	73.46	54.34	64.74	73.99	69.06	95.41	84.90	89.85	82.67
370	63.63	69.84	58.43	66.53	73.36	69.78	94.49	86.61	90.38	83.52
65	67.18	79.09	58.39	69.01	77.78	73.13	96.23	86.70	91.22	85.11
130	68.66	75.29	63.11	67.86	74.93	71.22	95.11	87.26	91.02	83.41
510	64.16	70.45	58.91	66.12	72.91	69.34	94.48	86.57	90.35	83.85
270	64.08	69.39	59.53	67.51	73.64	70.45	94.41	87.48	90.81	84.60
30	60.99	65.15	57.33	62.37	63.74	63.04	90.94	87.92	89.41	80.43
35	63.41	69.33	58.43	61.68	64.71	63.16	92.14	87.21	89.61	81.01
90	66.00	71.12	61.57	64.44	70.73	67.44	93.94	86.47	90.05	81.93
505	64.72	71.14	59.36	66.73	73.50	69.95	94.58	86.77	90.51	84.13
80	63.64	77.21	54.12	59.68	68.33	63.71	94.93	83.76	89.00	81.62
510	64.55	71.18	59.05	66.69	73.57	69.96	94.63	86.69	90.49	84.10
400	64.97	70.88	59.98	67.52	74.06	70.64	94.58	87.09	90.68	83.49
390	64.94	70.83	59.95	67.59	74.06	70.68	94.58	87.18	90.73	83.44
465	64.28	71.34	58.49	66.53	73.60	69.89	94.71	86.50	90.42	83.56
220	63.72	69.80	58.61	67.52	74.26	70.73	94.78	87.12	90.79	84.39
355	63.60	70.33	58.05	66.90	73.97	70.26	94.68	86.48	90.39	83.27
340	62.90	69.50	57.45	65.69	72.62	68.98	94.42	86.28	90.17	83.29
335	65.24	70.24	60.91	68.76	75.13	71.81	94.69	87.59	91.00	83.67
350	64.90	70.99	59.77	66.43	73.01	69.57	94.53	86.85	90.53	84.55
215	65.29	72.04	59.69	67.60	74.55	70.91	94.94	86.86	90.72	83.84
175	62.67	68.30	57.89	66.06	72.95	69.33	94.36	86.45	90.23	82.90
420	65.38	70.99	60.60	67.73	74.25	70.84	94.65	87.23	90.79	83.71
60	59.60	72.84	50.43	64.00	72.32	67.90	94.99	84.73	89.57	83.37
345	63.71	69.85	58.57	67.25	74.04	70.48	94.57	86.72	90.47	83.15
530	64.43	71.24	58.81	66.65	73.62	69.96	94.67	86.66	90.49	84.03
95	66.03	72.02	60.96	64.56	71.32	67.77	94.23	86.28	90.08	81.85
25	81.01	80.00	82.05	81.82	82.89	82.35	96.02	94.50	95.25	92.96
485	64.90	71.19	59.63	67.01	73.63	70.17	94.60	86.95	90.61	84.10
40	69.80	77.61	63.41	70.73	77.68	74.04	96.65	88.70	92.50	86.32
225	65.02	72.70	58.81	67.13	74.57	70.66	95.16	86.46	90.60	83.80
385	65.02	71.99	59.28	66.59	73.55	69.89	94.75	86.67	90.53	84.54
115	62.64	71.07	56.00	65.78	74.10	69.69	95.25	85.80	90.28	83.01
545	64.44	71.38	58.73	66.40	73.32	69.69	94.65	86.59	90.44	83.99
465	63.81	69.92	58.68	66.44	73.01	69.57	94.43	86.79	90.45	83.79
395	63.79	69.45	58.99	67.30	73.68	70.35	94.42	87.07	90.59	83.99
380	62.29	68.14	57.37	66.45	72.99	69.57	94.27	86.66	90.31	83.49
430	65.98	71.75	61.07	67.78	74.47	70.97	94.76	87.22	90.84	83.85
100	61.88	70.62	55.07	65.14	73.70	69.16	95.10	85.41	90.00	82.46
240	64.10	70.98	58.43	66.97	74.34	70.47	94.89	86.41	90.45	83.24
70	68.59	71.33	66.05	66.51	70.92	68.64	93.52	88.16	90.76	83.30
50	68.75	79.52	60.55	68.00	76.69	72.08	96.81	86.76	91.51	84.58
330	63.03	70.56	56.95	66.04	73.44	69.55	94.80	86.19	90.29	83.82
420	63.69	69.49	58.78	66.96	73.47	70.07	94.40	86.90	90.49	83.75
475	64.44	71.17	58.88	66.71	73.59	69.98	94.63	86.66	90.47	83.59
425	64.61	71.71	58.78	66.64	73.57	69.93	94.69	86.66	90.50	84.44
505	65.26	72.76	59.15	67.01	74.07	70.36	94.87	86.78	90.64	84.68
470	65.46	72.29	59.81	67.40	74.14	70.61	94.79	87.04	90.75	84.71
395	62.98	68.78	58.09	66.64	73.21	69.77	94.33	86.73	90.37	83.62
80	68.00	71.69	64.67	66.67	71.82	69.15	93.99	87.78	90.78	82.82
405	64.79	70.24	60.12	67.43	73.88	70.51	94.51	87.14	90.68	83.38
480	65.22	72.55	59.23	67.10	74.07	70.41	94.84	86.84	90.67	84.57
240	65.27	69.73	61.34	67.48	74.29	70.72	94.58	86.85	90.55	82.86
65	57.94	69.66	49.60	63.13	70.98	66.83	94.56	84.62	89.31	82.76
265	63.69	73.54	56.17	64.94	72.92	68.70	95.26	85.56	90.15	83.38
330	65.40	70.19	61.22	68.67	74.92	71.66	94.62	87.63	90.99	83.63
490	64.58	71.58	58.82	66.75	73.73	70.07	94.71	86.65	90.51	83.84
215	63.57	75.07	55.12	64.50	72.68	68.35	95.36	85.26	90.02	83.51
110	62.96	70.83	56.67	66.48	74.38	70.21	95.06	86.27	90.45	83.21
170	66.76	72.84	61.62	66.67	73.77	70.04	94.70	86.67	90.51	82.83
410	65.23	72.43	59.34	66.72	73.64	70.01	94.79	86.73	90.58	84.74
465	65.71	71.62	60.70	67.91	74.50	71.05	94.76	87.26	90.86	84.24
305	64.65	69.84	60.17	67.49	73.68	70.45	94.50	87.43	90.83	84.73
245	64.63	71.15	59.20	67.13	74.44	70.60	94.97	86.77	90.69	83.94
270	64.68	68.92	60.94	67.99	74.51	71.10	94.58	87.17	90.72	82.85
115	66.52	76.80	58.66	66.02	74.29	69.91	95.89	86.15	90.76	84.08
175	66.85	72.67	61.89	67.29	74.38	70.66	94.85	86.90	90.70	83.04
185	66.85	71.97	62.41	67.08	74.02	70.38	94.74	86.86	90.63	83.31
85	62.64	77.86	52.40	58.89	68.24	63.22	95.22	83.02	88.70	81.10
255	64.88	71.63	59.30	67.44	74.93	70.99	95.15	86.78	90.78	84.25
455	65.62	71.63	60.54	67.74	74.48	70.95	94.79	87.12	90.79	84.01
185	64.48	74.59	56.78	65.09	72.56	68.62	95.04	85.89	90.23	83.81
330	62.21	69.33	56.43	65.12	72.22	68.49	94.43	86.01	90.03	82.98
485	64.40	71.24	58.76	66.75	73.65	70.03	94.66	86.68	90.49	83.82
170	63.16	69.39	57.95	66.48	73.65	69.88	94.66	86.39	90.34	82.99
350	63.85	70.27	58.51	65.74	72.65	69.02	94.42	86.39	90.22	83.45
285	63.82	71.52	57.62	65.96	73.72	69.62	94.96	85.96	90.24	82.67
300	63.57	71.66	57.12	65.62	72.83	69.04	94.95	86.20	90.36	83.54
490	65.36	72.69	59.37	67.24	74.16	70.53	94.84	86.91	90.71	84.69
320	62.80	69.78	57.10	65.56	72.59	68.89	94.60	86.21	90.21	83.14
145	67.22	73.65	61.82	67.12	74.50	70.62	94.98	86.76	90.68	83.25
375	65.07	71.50	59.71	66.64	73.35	69.83	94.62	86.82	90.55	84.59
505	64.84	70.72	59.86	67.08	73.58	70.18	94.51	87.03	90.62	84.00
280	64.45	69.87	59.81	67.78	73.97	70.74	94.51	87.49	90.86	84.74
185	63.09	69.44	57.80	67.97	74.95	71.29	95.01	87.16	90.92	83.70
380	63.31	69.01	58.47	66.20	72.82	69.35	94.30	86.63	90.30	83.38
530	65.13	73.02	58.78	66.94	74.16	70.36	95.00	86.65	90.64	84.44
315	65.30	70.60	60.73	68.06	74.32	71.05	94.67	87.58	90.99	85.06
400	65.30	72.38	59.48	66.93	73.76	70.18	94.78	86.83	90.63	84.72
345	62.72	70.38	56.57	66.22	73.56	69.70	94.82	86.24	90.33	83.79
530	64.81	71.46	59.30	67.00	73.81	70.24	94.72	86.83	90.60	84.00
450	65.89	71.78	60.89	68.01	74.59	71.15	94.78	87.32	90.90	84.05
265	63.73	71.46	57.50	66.07	73.83	69.74	94.94	85.96	90.22	82.92
185	63.14	69.06	58.16	65.87	72.73	69.13	94.41	86.41	90.23	83.09
360	65.00	70.87	60.03	67.76	74.29	70.88	94.66	87.16	90.75	83.29
525	65.04	72.74	58.82	67.04	74.18	70.43	94.96	86.72	90.65	84.49
325	65.43	69.93	61.48	68.54	74.65	71.47	94.54	87.65	90.97	83.64
70	67.39	78.81	58.86	69.13	77.18	72.94	95.89	87.08	91.27	85.53
290	64.79	70.46	59.96	67.96	74.18	70.93	94.62	87.53	90.94	84.91
85	61.36	72.97	52.94	66.32	74.32	70.09	95.59	85.78	90.42	85.20
65	67.82	70.00	65.77	66.84	70.49	68.62	93.00	88.37	90.62	82.81
75	59.92	71.72	51.45	65.35	73.45	69.17	95.32	85.25	90.00	84.53
305	64.10	72.62	57.37	66.53	74.63	70.35	95.32	86.09	90.47	84.00
345	63.34	69.88	57.92	65.73	72.65	69.01	94.41	86.34	90.20	83.32
215	65.59	70.05	61.66	67.02	73.71	70.21	94.32	86.75	90.38	82.87
200	64.05	69.62	59.30	68.38	74.79	71.44	94.82	87.60	91.07	84.72
15	69.70	85.19	58.97	65.22	75.00	69.77	96.52	85.57	90.72	84.38
35	66.67	83.33	55.56	65.81	77.00	70.97	96.67	84.27	90.04	83.08
105	61.50	69.78	54.98	65.51	73.86	69.43	95.05	85.66	90.11	82.68
115	62.66	75.47	53.57	65.62	73.96	69.54	95.52	85.39	90.17	84.29
20	75.32	82.86	69.05	75.00	80.95	77.86	96.38	90.04	93.10	89.62
45	70.30	86.59	59.17	68.49	79.37	73.53	97.36	85.73	91.17	84.81
415	63.76	69.70	58.75	66.94	73.33	69.99	94.37	86.96	90.52	83.88
65	66.67	81.05	56.62	65.70	75.98	70.47	97.21	85.23	90.83	85.05
375	63.89	71.20	57.94	67.31	74.52	70.73	94.91	86.53	90.53	83.55
210	63.95	69.73	59.05	67.81	74.35	70.93	94.78	87.41	90.95	84.41
135	62.79	69.53	57.24	65.22	72.70	68.76	94.52	85.93	90.02	83.45
550	64.52	71.51	58.77	66.61	73.53	69.90	94.69	86.65	90.49	84.05
140	63.04	68.85	58.13	65.93	72.68	69.14	94.19	86.45	90.15	83.67
245	63.84	69.49	59.04	67.30	73.57	70.30	94.50	87.36	90.79	84.61
300	64.36	72.02	58.17	66.60	74.12	70.16	95.00	86.24	90.41	83.16
255	64.18	69.78	59.41	67.93	74.20	70.93	94.63	87.54	90.95	84.73
235	63.80	74.66	55.69	65.17	73.19	68.95	95.41	85.58	90.23	83.75
25	58.12	60.71	55.74	61.04	61.84	61.44	89.91	87.87	88.88	78.22
295	64.48	73.14	57.65	66.42	74.73	70.33	95.45	86.04	90.50	83.60
100	67.88	77.98	60.09	66.24	74.55	70.15	96.08	86.30	90.93	84.95
55	56.35	69.86	47.22	61.75	70.19	65.70	94.54	83.75	88.82	82.09
155	63.44	69.34	58.46	66.27	73.17	69.55	94.38	86.52	90.28	83.42
165	62.06	70.56	55.38	66.98	74.89	70.72	95.41	86.29	90.62	83.23
520	64.69	71.17	59.29	66.79	73.54	70.00	94.62	86.79	90.54	83.88
125	62.89	70.09	57.03	65.69	73.42	69.34	94.87	86.08	90.26	83.57
485	65.01	70.67	60.18	67.14	73.56	70.21	94.47	87.07	90.62	84.21
520	64.88	72.45	58.75	66.96	74.08	70.34	94.91	86.71	90.62	84.45
355	65.09	71.17	59.97	66.43	72.99	69.56	94.53	86.89	90.55	84.52
20	59.34	60.00	58.70	65.08	66.13	65.60	91.03	89.19	90.10	79.33
550	64.52	71.51	58.77	66.61	73.53	69.90	94.69	86.65	90.49	84.05
10	78.79	68.42	92.86	86.67	81.25	83.87	92.25	97.67	94.88	90.79
520	64.22	70.86	58.71	66.59	73.51	69.88	94.61	86.63	90.45	83.92
240	64.61	70.94	59.31	66.93	74.17	70.36	94.87	86.75	90.63	83.84
405	63.96	71.28	58.01	66.59	73.92	70.07	94.82	86.32	90.37	83.32
425	65.81	71.49	60.97	67.87	74.40	70.99	94.71	87.30	90.85	83.79
315	63.09	70.74	56.94	65.67	72.77	69.04	94.74	86.17	90.25	83.23
345	65.02	71.08	59.91	66.73	73.36	69.89	94.64	86.98	90.65	84.69
370	65.15	71.57	59.78	66.44	73.25	69.68	94.66	86.76	90.54	84.53
55	67.96	80.46	58.82	67.26	76.87	71.75	97.09	86.10	91.27	84.43
215	64.38	70.70	59.10	66.08	73.23	69.47	94.54	86.47	90.33	83.65
225	64.84	69.25	60.95	66.76	73.68	70.05	94.43	86.58	90.33	82.42
435	63.94	69.82	58.97	66.62	72.96	69.64	94.28	86.94	90.46	83.91
150	63.32	68.80	58.65	65.88	72.54	69.05	94.36	86.49	90.25	83.09
70	62.88	77.69	52.81	58.56	68.06	62.95	95.20	83.06	88.72	80.76
525	64.21	71.06	58.56	66.57	73.59	69.90	94.67	86.59	90.45	83.97
240	64.20	69.69	59.51	67.58	73.93	70.61	94.58	87.41	90.85	84.65
470	64.47	71.11	58.96	66.67	73.58	69.95	94.62	86.64	90.46	83.55
155	63.82	76.38	54.80	62.91	71.23	66.81	95.12	84.69	89.60	82.22
440	63.80	69.48	58.98	66.71	73.02	69.73	94.30	87.00	90.50	83.95
325	64.14	71.38	58.23	67.09	74.33	70.52	94.84	86.45	90.45	83.23
145	62.70	69.60	57.05	65.74	72.92	69.14	94.37	86.09	90.04	83.25
280	63.59	72.43	56.68	65.06	72.62	68.64	95.04	85.85	90.21	83.26
365	63.58	70.64	57.81	66.90	74.07	70.30	94.77	86.43	90.41	83.34
320	65.15	70.38	60.65	67.68	73.82	70.62	94.52	87.53	90.89	84.87
105	62.84	73.66	54.80	60.49	68.06	64.05	94.32	84.32	89.04	80.55
315	64.00	70.94	58.29	67.14	74.22	70.50	94.74	86.50	90.44	83.17
260	64.42	69.32	60.16	68.03	73.99	70.88	94.41	87.72	90.94	84.80
165	62.79	74.35	54.35	62.52	70.63	66.33	94.80	84.58	89.40	82.09
480	65.03	71.11	59.90	67.36	73.89	70.48	94.59	87.08	90.68	84.20
265	64.03	69.21	59.56	67.73	73.81	70.64	94.39	87.54	90.84	84.64
420	63.67	69.57	58.70	66.74	73.09	69.77	94.31	86.93	90.47	83.83
365	61.80	67.93	56.69	66.16	72.88	69.36	94.32	86.49	90.23	83.32
50	62.93	75.26	54.07	59.62	66.43	62.84	94.00	84.37	88.93	80.32
300	65.21	69.65	61.31	68.59	74.91	71.61	94.63	87.54	90.95	83.51
135	63.84	74.87	55.64	67.35	75.38	71.14	95.68	86.29	90.74	84.66
260	64.83	71.83	59.07	67.54	75.17	71.15	95.24	86.70	90.77	84.32
220	63.60	74.85	55.29	64.65	72.74	68.46	95.35	85.37	90.09	83.67
205	64.02	70.62	58.55	66.41	73.46	69.76	94.69	86.40	90.36	83.36
485	63.82	70.29	58.43	66.35	73.06	69.54	94.52	86.67	90.42	83.84
370	65.08	70.84	60.18	67.90	74.39	71.00	94.66	87.25	90.80	83.44
310	65.23	70.43	60.74	67.78	73.98	70.74	94.59	87.56	90.94	84.93
335	63.12	70.57	57.10	66.15	73.37	69.57	94.74	86.30	90.32	83.88
450	63.66	70.81	57.82	66.46	73.52	69.81	94.63	86.40	90.33	83.41
110	62.78	74.34	54.33	66.21	74.09	69.93	95.33	85.86	90.35	84.77
160	63.06	74.44	54.70	62.62	70.63	66.39	94.77	84.69	89.45	81.83
110	69.18	75.00	64.21	66.46	72.97	69.57	94.55	87.11	90.67	83.06
35	59.84	67.86	53.52	61.26	68.00	64.45	93.40	84.63	88.80	82.04
150	62.48	74.30	53.90	66.12	74.71	70.15	95.72	85.59	90.37	83.55
495	64.67	70.71	59.58	66.79	73.44	69.96	94.51	86.86	90.52	84.10
230	64.58	72.85	58.00	66.89	74.66	70.56	95.26	86.21	90.51	83.67
355	63.78	70.46	58.25	65.90	72.92	69.23	94.49	86.37	90.25	83.42
260	63.99	71.66	57.81	66.50	74.29	70.18	95.05	86.10	90.36	83.13
40	67.52	73.61	62.35	66.94	72.17	69.46	94.26	87.29	90.64	84.59
510	64.86	70.89	59.77	67.04	73.61	70.17	94.56	86.98	90.61	84.00
550	64.52	71.51	58.77	66.61	73.53	69.90	94.69	86.65	90.49	84.05
45	62.80	73.03	55.08	60.28	65.89	62.96	93.38	85.29	89.16	80.85
195	64.41	69.97	59.67	68.55	75.09	71.67	94.91	87.58	91.10	84.48
375	63.40	69.15	58.53	66.44	73.11	69.62	94.36	86.67	90.35	83.42
540	64.67	71.55	59.00	66.74	73.66	70.03	94.73	86.70	90.54	84.01
325	63.16	70.65	57.10	66.00	73.54	69.57	94.85	86.13	90.28	83.74
55	63.71	74.53	55.63	59.41	66.45	62.73	93.95	84.29	88.85	80.73
205	65.87	69.90	62.27	67.36	73.69	70.38	94.21	87.04	90.48	82.93
525	65.00	72.14	59.15	67.10	74.11	70.43	94.88	86.80	90.66	84.18
185	63.29	68.81	58.59	65.55	72.63	68.90	94.27	86.33	90.13	83.32
365	65.11	71.10	60.05	67.78	74.42	70.94	94.73	87.13	90.77	83.36
275	64.26	69.80	59.54	67.76	73.95	70.72	94.52	87.51	90.88	84.77
135	68.06	74.43	62.70	67.88	75.00	71.26	95.06	87.15	90.93	83.48
290	65.42	69.64	61.68	68.59	75.00	71.65	94.68	87.50	90.95	83.40
535	64.73	72.07	58.74	66.82	73.95	70.21	94.87	86.63	90.56	84.03
80	60.56	71.70	52.41	66.30	73.97	69.92	95.31	85.75	90.28	84.75
160	65.97	71.61	61.16	66.19	73.08	69.46	94.38	86.54	90.29	82.37
350	62.55	69.93	56.58	65.96	73.12	69.36	94.66	86.24	90.25	83.56
460	63.66	69.65	58.62	66.51	72.99	69.60	94.37	86.82	90.44	83.76
310	65.21	69.53	61.39	68.29	74.46	71.24	94.49	87.55	90.89	83.45
45	70.39	76.83	64.95	68.61	74.02	71.21	94.84	87.90	91.24	85.32
295	64.19	69.06	59.96	67.76	73.79	70.65	94.39	87.53	90.83	84.63
435	63.99	69.77	59.10	67.00	73.66	70.17	94.54	86.89	90.55	83.97
295	64.07	72.84	57.19	65.82	73.26	69.34	95.13	86.13	90.41	83.72
195	63.96	69.21	59.45	66.72	73.54	69.97	94.39	86.82	90.45	83.68
375	62.36	68.55	57.20	66.58	73.23	69.75	94.40	86.67	90.37	83.54
205	63.48	68.90	58.85	67.84	74.17	70.86	94.66	87.45	90.91	84.38
295	65.03	69.42	61.16	68.19	74.52	71.22	94.54	87.40	90.83	83.27
15	65.79	69.44	62.50	65.96	67.39	66.67	91.79	89.13	90.44	81.16
125	63.53	74.31	55.48	61.28	68.88	64.86	94.46	84.70	89.32	81.62
445	64.28	70.25	59.24	67.11	73.79	70.29	94.59	86.92	90.59	83.99
290	63.92	72.55	57.12	65.66	73.05	69.16	95.06	86.10	90.36	83.64
265	65.17	69.58	61.28	68.17	74.63	71.26	94.62	87.23	90.78	83.13
500	64.75	71.92	58.87	66.73	73.84	70.11	94.81	86.62	90.53	83.96
290	64.47	72.82	57.84	66.63	74.82	70.49	95.45	86.21	90.59	83.87
190	66.49	71.95	61.80	66.90	74.00	70.27	94.77	86.68	90.55	83.21
50	67.58	78.72	59.20	65.82	73.76	69.57	95.07	85.87	90.24	83.49
170	62.44	70.54	56.00	66.97	74.80	70.67	95.36	86.41	90.67	83.31
310	63.49	71.15	57.32	65.93	72.93	69.25	94.83	86.37	90.40	83.44
525	64.51	71.09	59.04	66.39	73.23	69.64	94.59	86.63	90.44	84.00
55	69.20	73.21	65.60	68.10	72.08	70.03	93.66	88.50	91.01	83.67
250	64.79	69.02	61.06	67.23	73.75	70.34	94.40	86.89	90.49	82.55
210	66.19	70.35	62.50	67.39	73.94	70.51	94.34	86.97	90.51	83.17
545	64.53	71.52	58.78	66.63	73.59	69.94	94.72	86.63	90.50	83.95
540	64.48	71.43	58.77	66.55	73.52	69.86	94.68	86.61	90.46	83.98
140	63.23	72.77	55.89	67.40	75.00	71.00	95.41	86.52	90.75	84.25
550	64.52	71.51	58.77	66.61	73.53	69.90	94.69	86.65	90.49	84.05
275	64.67	69.42	60.53	67.84	74.58	71.05	94.69	87.02	90.70	82.84
485	65.38	72.80	59.34	67.22	74.22	70.55	94.90	86.87	90.71	84.68
15	67.80	68.97	66.67	76.09	77.78	76.92	94.28	91.54	92.89	85.04
90	61.54	73.20	53.08	60.21	68.67	64.17	94.77	83.97	89.04	80.77
495	64.70	71.79	58.89	66.62	73.71	69.99	94.77	86.61	90.50	83.92
405	63.50	69.50	58.45	66.92	73.54	70.08	94.46	86.82	90.48	83.72
510	65.03	72.29	59.09	66.91	74.00	70.28	94.87	86.69	90.60	84.06
505	64.76	72.05	58.81	66.81	73.95	70.20	94.86	86.62	90.55	83.98
320	63.82	71.65	57.54	66.35	73.98	69.95	95.01	86.23	90.41	84.07
520	64.21	70.73	58.78	66.23	73.06	69.48	94.54	86.57	90.38	83.92
305	63.75	72.12	57.12	65.64	72.98	69.11	95.03	86.15	90.37	83.53
360	61.96	68.11	56.82	66.12	72.82	69.31	94.33	86.49	90.24	83.33
425	63.97	71.19	58.08	66.54	73.61	69.90	94.66	86.44	90.37	83.39
255	63.01	72.93	55.47	64.71	72.70	68.48	95.18	85.40	90.02	83.16
260	63.66	73.63	56.06	64.83	72.87	68.61	95.26	85.47	90.10	83.29
375	64.77	70.76	59.72	67.74	74.32	70.88	94.64	87.13	90.73	83.28
330	65.20	70.83	60.41	67.33	73.76	70.40	94.62	87.30	90.81	84.87
215	64.28	70.35	59.17	67.88	74.52	71.05	94.89	87.39	90.99	84.45
365	63.61	70.03	58.27	66.18	73.10	69.47	94.49	86.50	90.32	83.37
290	63.99	71.49	57.92	66.19	73.74	69.76	94.89	86.10	90.28	82.76
385	62.46	68.37	57.50	66.45	72.98	69.57	94.26	86.67	90.31	83.42
390	63.70	71.21	57.62	66.77	74.09	70.24	94.83	86.34	90.39	83.32
70	68.97	82.57	59.21	66.21	75.92	70.73	97.08	85.76	91.07	85.27
20	79.25	77.78	80.77	81.97	83.33	82.64	95.98	94.38	95.17	91.91
195	63.81	70.62	58.19	66.67	73.70	70.01	94.71	86.52	90.43	83.32
500	64.00	70.29	58.75	66.27	73.07	69.51	94.50	86.60	90.38	83.76
310	64.01	72.11	57.55	66.43	74.19	70.10	95.11	86.20	90.44	84.13
390	65.22	72.02	59.59	66.88	73.64	70.10	94.71	86.85	90.61	84.69
130	62.84	74.05	54.58	66.20	74.41	70.06	95.53	85.80	90.41	84.21
40	60.87	70.00	53.85	63.57	70.69	66.94	94.19	85.14	89.44	83.07
540	64.59	71.41	58.95	66.51	73.44	69.80	94.68	86.63	90.48	84.03
250	63.27	68.94	58.46	67.41	73.74	70.44	94.53	87.31	90.77	84.47
15	82.05	84.21	80.00	82.22	84.09	83.15	96.72	93.99	95.34	92.63
325	62.54	69.80	56.65	65.26	72.44	68.66	94.59	86.05	90.12	82.99
430	64.09	71.31	58.19	66.52	73.57	69.87	94.67	86.46	90.38	83.38
280	65.08	69.40	61.27	68.13	74.59	71.21	94.59	87.28	90.79	83.01
540	64.58	71.71	58.73	66.71	73.77	70.06	94.79	86.60	90.51	84.08
545	64.47	71.35	58.80	66.51	73.40	69.79	94.64	86.63	90.46	84.02
105	68.16	78.29	60.35	66.87	74.83	70.63	96.04	86.60	91.08	85.10
95	62.70	73.53	54.64	65.29	72.95	68.91	95.16	85.73	90.20	84.42
360	63.34	69.85	57.93	65.68	72.66	68.99	94.41	86.31	90.18	83.14
180	62.82	68.34	58.13	65.22	72.22	68.55	94.10	86.19	89.97	83.02
275	64.54	72.00	58.48	67.08	75.03	70.83	95.38	86.46	90.70	84.13
455	63.65	69.54	58.68	66.51	72.91	69.56	94.31	86.85	90.43	83.69
220	65.14	72.27	59.30	67.44	74.64	70.86	95.05	86.67	90.66	83.88
200	64.15	74.84	56.13	65.06	73.00	68.80	95.28	85.61	90.19	83.87
245	62.61	72.75	54.95	64.30	72.47	68.14	95.21	85.18	89.91	83.11
285	63.75	72.51	56.88	65.42	72.86	68.94	95.04	86.02	90.31	83.46
110	62.28	72.82	54.41	60.41	67.76	63.88	94.12	84.37	88.98	80.56
455	63.90	71.00	58.09	66.57	73.61	69.92	94.65	86.46	90.37	83.57
400	63.88	71.15	57.95	66.67	73.98	70.13	94.81	86.37	90.39	83.33
150	63.92	70.99	58.13	66.05	73.33	69.50	94.56	86.22	90.20	83.61
445	63.56	70.74	57.70	66.46	73.50	69.80	94.62	86.40	90.33	83.28
40	63.87	72.62	57.01	60.98	65.79	63.29	93.13	86.08	89.47	80.94
180	62.66	68.37	57.84	65.67	72.43	68.88	94.27	86.36	90.14	82.95
130	63.16	69.96	57.56	65.72	73.16	69.24	94.73	86.17	90.24	83.82
420	63.89	71.07	58.03	66.62	73.78	70.02	94.70	86.42	90.37	83.35
400	63.45	69.29	58.52	66.82	73.40	69.96	94.39	86.82	90.45	83.74
100	62.10	72.57	54.27	60.90	68.35	64.41	94.29	84.47	89.11	80.70
175	62.63	67.73	58.24	65.12	71.91	68.35	93.95	86.24	89.93	82.95
515	65.04	72.49	58.98	66.91	74.07	70.31	94.91	86.66	90.60	84.04
195	64.00	74.36	56.17	65.07	72.86	68.74	95.16	85.64	90.15	83.78
230	64.18	70.30	59.04	67.48	74.25	70.71	94.80	87.16	90.82	84.49
195	65.73	70.68	61.43	66.72	73.52	69.96	94.44	86.70	90.41	82.70
125	69.41	75.19	64.45	67.57	74.18	70.72	94.91	87.45	91.03	83.33
470	63.81	70.19	58.49	66.22	72.91	69.41	94.48	86.66	90.40	83.71
475	64.86	70.34	60.17	67.15	73.55	70.21	94.45	87.07	90.61	84.21
165	62.72	68.53	57.82	66.80	73.62	70.04	94.50	86.65	90.41	82.86
130	64.77	75.33	56.81	62.99	70.41	66.49	94.71	85.37	89.80	82.65
475	65.48	72.54	59.66	67.30	74.17	70.57	94.84	86.96	90.73	84.69
460	64.32	70.03	59.48	67.07	73.62	70.20	94.48	86.94	90.55	84.05
435	65.87	71.48	61.07	67.94	74.48	71.06	94.71	87.32	90.86	83.94
245	63.94	70.88	58.24	66.75	74.14	70.25	94.87	86.33	90.40	83.12
370	63.71	70.87	57.86	67.26	74.42	70.66	94.84	86.53	90.50	83.52
530	64.98	71.97	59.23	66.96	73.94	70.28	94.82	86.78	90.62	84.17
500	64.77	71.06	59.51	66.85	73.57	70.05	94.57	86.83	90.54	84.13
120	62.88	70.94	56.47	66.41	74.43	70.19	95.19	86.17	90.46	83.30
535	64.86	71.49	59.36	66.92	73.69	70.14	94.69	86.82	90.58	84.08
220	64.92	69.17	61.16	66.81	73.54	70.02	94.30	86.67	90.32	82.65
405	63.84	69.55	59.00	67.05	73.40	70.08	94.34	87.02	90.53	83.82
165	66.67	72.50	61.70	66.27	73.29	69.60	94.53	86.59	90.39	82.54
445	66.00	71.72	61.12	68.05	74.61	71.18	94.77	87.37	90.92	84.09
10	71.11	84.21	61.54	67.74	72.41	70.00	94.93	87.68	91.16	85.87
255	65.01	69.34	61.19	67.60	74.13	70.71	94.50	87.01	90.60	82.70
300	64.14	72.90	57.26	66.18	74.53	70.11	95.37	85.88	90.38	83.62
395	64.88	70.71	59.93	67.39	73.89	70.49	94.51	87.07	90.64	83.37
85	62.69	71.43	55.85	67.49	75.79	71.40	95.20	86.23	90.49	83.66
175	63.47	74.13	55.50	63.78	71.66	67.49	94.97	85.21	89.82	82.63
90	60.75	72.36	52.35	64.78	72.76	68.54	95.23	85.27	89.98	84.12
515	64.22	70.57	58.92	66.18	72.95	69.40	94.49	86.60	90.37	83.93
395	65.37	72.13	59.77	67.06	73.74	70.24	94.71	86.95	90.67	84.80
10	90.32	93.33	87.50	93.10	96.43	94.74	100.00	96.75	98.35	95.38
335	62.35	68.90	56.93	65.23	72.18	68.53	94.32	86.12	90.03	82.94
175	63.56	71.54	57.19	67.80	75.50	71.44	95.49	86.79	90.93	83.74
55	68.64	77.88	61.36	69.14	76.58	72.67	95.56	87.30	91.24	84.93
395	63.60	70.89	57.67	66.85	74.14	70.31	94.82	86.38	90.40	83.28
545	64.79	72.12	58.82	66.67	73.75	70.03	94.83	86.62	90.54	84.14
65	63.19	77.12	53.53	58.13	67.05	62.27	94.83	83.16	88.61	80.26
400	63.56	69.42	58.60	67.08	73.55	70.17	94.41	86.95	90.52	83.86
250	63.78	71.23	57.74	66.29	73.97	69.92	94.96	86.05	90.29	82.98
85	66.49	70.49	62.93	64.82	70.39	67.49	93.61	86.95	90.16	82.02
