405	76.17	73.95	78.52	77.14	77.14	77.14	93.62	93.42	93.52	88.13
15	82.14	79.31	85.19	78.72	75.51	77.08	92.75	95.17	93.95	92.75
145	73.02	69.49	76.92	75.67	75.30	75.49	92.78	93.04	92.91	86.00
415	74.13	71.56	76.90	76.20	76.14	76.17	93.21	93.15	93.18	86.97
550	74.77	73.70	75.87	75.84	76.60	76.21	93.76	92.69	93.22	87.37
455	75.39	73.46	77.42	76.65	76.99	76.82	93.65	93.13	93.39	87.83
460	74.41	73.14	75.72	75.73	76.59	76.15	93.77	92.62	93.19	86.98
305	72.84	70.80	75.00	75.03	75.63	75.33	93.39	92.59	92.99	85.82
475	74.23	73.11	75.39	75.72	76.60	76.16	93.77	92.58	93.17	87.11
170	68.51	66.85	70.25	72.51	73.24	72.87	92.68	91.60	92.14	84.27
320	73.01	71.20	74.92	75.27	75.93	75.60	93.49	92.60	93.05	86.12
365	75.61	72.69	78.77	76.80	76.51	76.65	93.33	93.50	93.41	87.75
230	73.17	69.96	76.69	74.61	74.96	74.79	93.07	92.72	92.90	85.18
475	74.67	73.47	75.91	76.17	76.83	76.50	93.82	92.81	93.31	87.36
440	74.13	71.49	76.98	76.01	76.01	76.01	93.24	93.08	93.16	87.05
410	73.57	73.31	73.83	75.62	77.10	76.35	93.95	92.17	93.05	86.48
235	71.73	69.04	74.64	74.85	75.07	74.96	93.00	92.73	92.86	85.45
190	69.64	67.22	72.24	73.74	74.14	73.94	92.69	92.18	92.44	84.69
330	71.32	69.80	72.92	74.16	74.95	74.55	93.09	91.99	92.53	85.04
135	77.63	79.19	76.13	75.84	77.04	76.44	94.36	92.48	93.41	87.71
270	76.52	75.47	77.60	77.54	78.14	77.84	94.13	93.24	93.68	87.69
230	71.30	68.70	74.10	74.40	74.74	74.57	92.93	92.55	92.74	85.09
340	73.11	72.60	73.62	75.20	76.52	75.86	93.86	92.23	93.04	85.99
200	71.18	68.58	73.99	73.77	73.51	73.64	92.34	92.24	92.29	84.78
535	74.45	73.23	75.71	75.57	76.25	75.91	93.63	92.64	93.13	87.17
355	73.59	71.32	76.02	75.77	75.77	75.77	93.24	93.03	93.13	86.84
440	74.42	73.74	75.11	76.15	77.23	76.68	93.88	92.55	93.21	86.94
60	72.53	76.74	68.75	71.91	73.99	72.93	93.79	90.53	92.13	86.01
210	71.62	69.16	74.25	74.79	75.04	74.92	92.92	92.62	92.77	85.29
75	78.68	77.06	80.37	77.51	77.88	77.70	94.39	93.78	94.09	88.30
355	74.12	73.39	74.87	75.58	76.63	76.10	93.86	92.52	93.18	86.50
35	72.60	69.74	75.71	74.51	72.38	73.43	92.14	93.52	92.83	86.71
450	74.68	73.34	76.07	76.49	77.02	76.75	93.79	92.92	93.35	87.43
190	77.15	77.83	76.49	76.94	78.06	77.50	94.38	92.86	93.61	88.33
490	74.04	71.85	76.37	75.70	75.91	75.81	93.32	92.90	93.11	86.93
335	71.52	70.27	72.82	74.12	75.05	74.58	93.19	91.91	92.55	85.08
260	72.94	70.14	75.97	74.32	74.83	74.57	93.16	92.58	92.87	85.31
20	87.23	89.13	85.42	80.36	81.82	81.08	96.21	94.51	95.35	92.64
460	75.65	73.73	77.67	76.89	77.23	77.06	93.71	93.21	93.46	87.95
75	73.86	71.82	76.02	73.91	73.21	73.56	92.77	93.02	92.90	85.21
105	78.23	78.38	78.08	75.69	77.03	76.36	94.41	92.87	93.63	87.16
80	77.38	76.34	78.45	76.44	77.48	76.96	94.24	93.15	93.69	87.76
120	78.26	78.40	78.12	76.67	78.33	77.49	94.78	92.95	93.86	87.24
305	71.91	70.75	73.10	74.66	75.69	75.17	93.37	92.00	92.68	85.09
380	72.85	72.44	73.27	75.45	76.75	76.10	93.77	92.13	92.94	86.24
310	71.90	70.86	72.97	74.64	75.74	75.18	93.41	91.97	92.68	85.24
30	73.02	66.67	80.70	71.76	69.32	70.52	91.10	93.86	92.46	86.35
420	76.10	73.96	78.38	77.30	77.42	77.36	93.71	93.41	93.56	88.15
225	76.69	77.61	75.80	77.27	78.70	77.98	94.64	92.78	93.70	88.20
340	71.76	70.51	73.05	74.54	75.46	75.00	93.29	92.03	92.65	85.27
280	73.15	71.31	75.09	75.37	76.40	75.88	93.64	92.55	93.09	86.30
385	74.64	72.27	77.18	76.61	76.68	76.64	93.46	93.19	93.33	87.23
250	72.26	70.06	74.61	75.27	75.80	75.53	93.31	92.70	93.01	85.82
165	68.56	67.51	69.65	72.13	73.18	72.65	92.84	91.35	92.09	84.30
415	74.01	72.96	75.09	75.39	76.35	75.87	93.78	92.51	93.14	86.57
170	76.54	77.93	75.20	76.22	77.80	77.00	94.47	92.39	93.42	87.56
480	74.44	73.33	75.59	75.97	76.74	76.35	93.82	92.71	93.26	87.31
470	73.88	71.19	76.78	75.75	75.69	75.72	93.15	93.03	93.09	86.87
70	69.43	69.70	69.17	72.30	74.04	73.16	93.51	91.34	92.41	85.74
350	73.77	73.03	74.52	75.59	76.65	76.11	93.84	92.48	93.16	86.41
25	79.28	77.19	81.48	73.24	72.22	72.73	92.79	93.54	93.17	89.00
140	76.80	76.56	77.04	76.57	78.35	77.45	94.60	92.65	93.61	87.16
320	71.74	70.31	73.23	74.65	75.46	75.05	93.22	92.08	92.65	85.35
430	74.72	72.85	76.69	76.59	76.71	76.65	93.54	93.11	93.33	87.37
120	73.99	75.69	72.37	75.55	77.68	76.60	94.65	92.00	93.31	87.72
325	76.12	72.44	80.19	78.03	77.21	77.61	93.38	94.07	93.72	88.26
200	74.07	72.05	76.21	74.65	75.45	75.04	93.52	92.55	93.03	85.72
130	74.15	72.22	76.19	75.48	75.68	75.58	93.35	92.82	93.09	86.42
245	73.07	70.00	76.41	74.21	74.53	74.37	93.00	92.64	92.82	85.37
340	73.11	70.86	75.51	75.18	75.33	75.25	93.16	92.82	92.99	86.55
285	72.59	69.97	75.42	74.20	74.57	74.38	93.07	92.54	92.81	85.35
160	72.58	71.66	73.53	75.16	76.30	75.73	93.80	92.26	93.02	86.25
390	74.55	72.20	77.07	76.67	76.67	76.67	93.44	93.23	93.34	87.33
540	74.80	73.94	75.68	76.03	76.85	76.44	93.84	92.68	93.26	87.35
115	78.48	79.49	77.50	76.10	78.06	77.07	94.86	92.65	93.75	87.41
425	74.06	71.44	76.87	76.05	76.11	76.08	93.25	93.06	93.15	87.08
220	71.23	68.15	74.61	74.80	74.68	74.74	92.72	92.79	92.76	84.96
230	76.48	76.72	76.24	77.08	78.37	77.72	94.46	92.85	93.65	87.95
140	77.96	79.48	76.49	75.88	77.04	76.46	94.38	92.56	93.46	87.86
150	76.26	74.65	77.94	76.19	76.92	76.56	93.82	92.94	93.38	86.63
110	76.33	73.91	78.90	76.39	75.90	76.14	93.42	93.56	93.49	87.13
495	74.78	73.56	76.04	75.93	76.72	76.32	93.84	92.71	93.27	87.43
95	75.40	75.58	75.23	75.00	75.85	75.42	93.71	92.35	93.02	85.98
75	71.65	73.72	69.70	72.57	73.21	72.89	93.09	91.37	92.22	86.48
60	76.57	78.91	74.36	71.60	73.78	72.67	93.67	91.04	92.34	85.86
345	73.50	72.95	74.06	75.42	76.65	76.03	93.89	92.34	93.11	86.15
50	71.22	71.57	70.87	69.66	70.63	70.14	92.62	91.17	91.89	85.25
90	70.10	69.08	71.14	71.59	71.59	71.59	92.12	91.50	91.81	84.65
30	70.80	67.80	74.07	75.82	75.00	75.41	93.03	93.53	93.28	86.96
440	75.29	73.16	77.54	76.74	76.92	76.83	93.55	93.21	93.38	87.74
470	74.46	73.17	75.79	75.89	76.67	76.28	93.77	92.69	93.22	87.24
450	74.28	71.89	76.83	75.99	76.05	76.02	93.28	93.05	93.17	87.13
265	72.71	70.64	74.91	75.48	76.17	75.83	93.42	92.62	93.02	86.25
210	71.51	68.71	74.54	74.54	74.29	74.41	92.53	92.46	92.50	84.98
495	74.45	73.48	75.45	75.57	76.46	76.01	93.78	92.57	93.17	87.24
280	71.98	71.26	72.71	73.91	75.32	74.61	93.45	91.67	92.55	84.92
135	73.97	71.76	76.33	75.59	75.79	75.69	93.26	92.87	93.06	86.29
530	74.68	73.49	75.92	75.58	76.37	75.97	93.72	92.63	93.17	87.26
120	76.62	78.31	75.00	74.93	76.28	75.60	94.21	92.16	93.17	86.69
515	74.56	73.46	75.69	75.89	76.86	76.37	93.86	92.63	93.24	87.18
205	70.82	68.53	73.27	74.54	74.92	74.73	92.93	92.45	92.69	85.16
155	75.71	74.44	77.01	75.17	76.05	75.61	93.71	92.61	93.16	86.39
535	74.82	73.89	75.77	75.97	76.80	76.39	93.83	92.68	93.25	87.34
275	71.99	71.02	72.98	73.92	75.16	74.53	93.34	91.75	92.54	84.90
360	75.43	72.54	78.56	76.78	76.41	76.59	93.30	93.54	93.42	87.66
455	73.89	71.18	76.81	75.92	75.86	75.89	93.17	93.07	93.12	86.94
545	74.65	73.54	75.78	75.67	76.39	76.03	93.69	92.65	93.17	87.24
425	74.60	72.54	76.79	76.71	76.77	76.74	93.52	93.17	93.35	87.41
480	74.94	73.94	75.96	76.18	77.06	76.61	93.83	92.70	93.26	87.28
100	77.39	77.24	77.55	75.18	76.30	75.74	94.12	92.80	93.45	86.69
535	74.66	73.42	75.96	75.56	76.29	75.92	93.67	92.65	93.16	87.27
350	72.24	71.16	73.35	75.20	76.24	75.72	93.51	92.16	92.83	85.79
500	75.50	74.16	76.88	76.55	77.18	76.87	93.82	92.96	93.39	87.81
190	74.05	71.92	76.32	76.55	76.97	76.75	93.70	93.07	93.39	86.95
235	72.40	70.98	73.88	74.81	75.60	75.20	93.30	92.15	92.73	85.50
205	76.87	77.86	75.91	76.81	78.12	77.46	94.50	92.72	93.60	88.03
155	72.97	72.61	73.33	75.06	76.23	75.64	93.82	92.16	92.99	86.43
270	71.67	70.38	73.00	74.06	75.13	74.59	93.23	91.85	92.53	84.92
525	74.43	73.35	75.54	75.78	76.68	76.22	93.78	92.60	93.19	87.13
120	74.10	72.06	76.26	75.44	75.44	75.44	93.28	92.99	93.13	86.34
200	70.59	68.03	73.35	74.18	74.44	74.31	92.75	92.43	92.59	84.98
490	74.60	73.52	75.73	75.90	76.70	76.30	93.84	92.68	93.26	87.37
75	76.54	77.84	75.27	74.29	76.10	75.18	94.12	91.89	93.00	86.16
270	73.12	71.20	75.14	75.67	76.44	76.05	93.55	92.68	93.11	86.41
390	73.80	71.02	76.81	76.16	75.96	76.06	93.18	93.22	93.20	86.97
285	75.92	71.92	80.40	78.40	77.27	77.83	93.29	94.32	93.80	88.14
95	75.47	73.39	77.67	75.56	75.28	75.42	93.26	93.22	93.24	86.90
25	68.04	64.71	71.74	75.32	74.36	74.84	92.69	93.27	92.98	86.10
445	75.24	73.33	77.26	76.55	76.91	76.73	93.62	93.09	93.35	87.70
30	77.52	87.72	69.44	71.43	75.58	73.45	95.49	89.60	92.45	88.31
20	67.53	68.42	66.67	71.43	71.43	71.43	92.49	91.58	92.03	85.88
275	76.66	75.50	77.85	77.53	78.12	77.82	94.13	93.28	93.70	87.74
160	68.60	67.05	70.24	72.65	73.12	72.88	92.60	91.67	92.13	84.07
210	76.96	78.11	75.84	76.84	78.37	77.59	94.63	92.68	93.64	88.19
440	74.80	73.63	76.00	76.06	76.96	76.51	93.90	92.72	93.30	87.08
150	77.11	80.00	74.42	75.06	77.03	76.03	94.59	91.87	93.21	87.41
30	77.88	73.33	83.02	82.35	79.55	80.92	93.33	95.77	94.54	89.92
255	72.11	70.43	73.87	74.56	75.69	75.12	93.36	91.98	92.67	85.13
510	75.00	74.02	76.01	76.22	77.04	76.62	93.84	92.77	93.30	87.55
370	73.31	70.49	76.37	76.13	75.85	75.99	93.11	93.23	93.17	86.79
160	71.35	67.85	75.23	74.34	73.85	74.09	92.26	92.54	92.40	84.95
340	75.79	71.88	80.15	77.79	76.93	77.36	93.22	94.03	93.62	88.06
295	71.80	70.85	72.79	74.26	75.51	74.88	93.40	91.80	92.59	84.80
360	72.47	71.60	73.36	75.38	76.54	75.95	93.64	92.18	92.91	86.09
460	74.70	73.82	75.60	75.99	77.02	76.50	93.83	92.57	93.20	87.13
300	75.52	71.45	80.07	78.14	77.25	77.69	93.32	94.14	93.73	88.03
180	74.59	73.22	76.02	75.00	76.05	75.52	93.76	92.49	93.12	86.00
435	74.26	73.62	74.92	75.91	77.06	76.48	93.86	92.46	93.15	86.78
35	73.91	69.86	78.46	79.80	78.22	79.00	93.31	94.74	94.02	87.50
10	90.20	85.19	95.83	85.19	82.14	83.64	94.93	97.83	96.36	94.62
235	73.49	70.46	76.80	74.58	75.15	74.87	93.21	92.68	92.95	85.34
335	76.09	72.00	80.68	78.02	77.14	77.58	93.28	94.12	93.70	88.18
125	74.15	76.42	72.02	75.07	77.32	76.18	94.68	91.80	93.22	87.63
465	73.99	71.49	76.68	75.83	75.83	75.83	93.20	93.01	93.11	86.95
430	74.03	71.35	76.92	75.98	76.04	76.01	93.24	93.06	93.15	86.94
180	73.28	71.23	75.44	76.10	76.69	76.39	93.65	92.85	93.25	86.59
235	75.53	71.86	79.60	77.94	77.49	77.71	93.54	93.98	93.76	87.91
445	74.58	73.03	76.20	76.53	76.94	76.73	93.71	92.98	93.34	87.41
380	75.60	73.19	78.17	76.56	76.49	76.53	93.42	93.30	93.36	87.81
500	74.57	73.68	75.49	75.70	76.64	76.16	93.84	92.59	93.21	87.32
85	77.32	76.14	78.53	75.83	76.15	75.99	93.81	93.24	93.52	87.93
90	75.85	73.71	78.11	75.20	75.20	75.20	93.41	93.20	93.30	86.82
515	74.13	72.64	75.69	75.40	76.00	75.70	93.52	92.66	93.08	87.01
285	73.26	71.76	74.83	75.12	76.23	75.67	93.67	92.43	93.05	86.21
115	76.40	77.86	75.00	74.53	75.95	75.24	94.12	92.07	93.08	86.23
415	75.98	73.78	78.31	77.09	77.15	77.12	93.63	93.38	93.51	88.00
315	72.82	71.05	74.69	74.92	75.67	75.29	93.46	92.48	92.97	85.90
60	78.09	77.78	78.40	79.04	80.98	80.00	95.46	93.45	94.44	88.15
495	75.55	74.35	76.80	76.65	77.40	77.02	93.90	92.93	93.41	87.81
50	78.79	75.83	81.98	77.21	74.47	75.81	92.88	94.70	93.78	87.96
155	71.76	67.40	76.73	74.48	73.47	73.97	92.01	92.86	92.43	85.10
10	69.23	75.00	64.29	75.76	75.76	75.76	92.91	91.49	92.19	83.67
40	74.75	83.15	67.89	69.49	72.57	71.00	93.92	89.23	91.51	86.11
480	73.93	71.57	76.45	75.66	75.77	75.72	93.24	92.93	93.08	86.85
450	75.27	73.37	77.27	76.48	76.88	76.68	93.63	93.07	93.35	87.76
45	71.35	73.33	69.47	70.23	72.44	71.32	93.45	90.65	92.03	85.03
80	69.30	68.72	69.89	71.55	71.85	71.70	92.24	91.28	91.76	84.84
380	74.30	73.25	75.38	75.57	76.26	75.92	93.66	92.62	93.14	86.63
45	78.95	77.32	80.65	80.65	80.65	80.65	94.76	94.50	94.63	88.86
410	74.18	71.41	77.17	76.23	76.11	76.17	93.19	93.20	93.20	87.01
490	74.62	73.64	75.62	75.61	76.46	76.03	93.78	92.61	93.19	87.26
435	75.36	73.33	77.50	76.80	77.04	76.92	93.60	93.19	93.40	87.76
105	74.13	74.87	73.40	75.47	77.17	76.31	94.36	92.30	93.32	87.69
415	73.60	73.30	73.90	75.68	77.14	76.40	93.95	92.20	93.07	86.52
100	74.29	75.26	73.33	75.17	76.95	76.05	94.42	92.22	93.31	87.70
140	72.97	70.06	76.12	75.69	75.69	75.69	93.08	92.95	93.02	86.10
60	75.69	73.15	78.42	75.46	72.78	74.10	92.32	94.13	93.22	86.17
465	75.79	73.78	77.91	77.08	77.42	77.25	93.78	93.27	93.52	87.96
190	71.15	68.68	73.82	73.52	73.25	73.38	92.24	92.17	92.20	84.73
315	73.32	71.47	75.27	75.03	75.44	75.23	93.28	92.68	92.98	86.62
410	75.00	73.10	77.00	76.96	77.21	77.08	93.69	93.21	93.45	87.57
145	73.95	74.91	73.02	75.58	77.38	76.47	94.41	92.08	93.23	87.30
225	74.66	71.15	78.54	77.40	77.17	77.29	93.52	93.72	93.62	87.63
520	75.17	74.59	75.77	76.21	77.38	76.79	94.07	92.60	93.33	87.49
225	71.34	68.51	74.41	74.57	74.57	74.57	92.78	92.69	92.73	84.97
240	75.83	74.95	76.74	77.40	78.29	77.84	94.16	93.02	93.59	87.52
145	78.00	79.62	76.45	75.97	77.09	76.53	94.40	92.59	93.48	87.92
410	73.69	72.68	74.73	75.25	76.28	75.76	93.77	92.43	93.09	86.48
515	75.00	74.02	76.00	76.19	76.95	76.57	93.81	92.78	93.29	87.58
180	76.68	77.49	75.90	76.34	77.67	77.00	94.33	92.60	93.46	87.94
385	72.95	72.73	73.18	75.27	76.62	75.94	93.79	92.06	92.92	86.20
505	74.71	73.46	76.02	75.73	76.50	76.11	93.77	92.68	93.22	87.31
25	79.61	85.42	74.55	73.08	75.00	74.03	94.69	91.30	92.96	90.37
385	74.43	73.48	75.41	75.74	76.50	76.12	93.74	92.64	93.19	86.75
430	75.62	73.15	78.26	77.30	77.30	77.30	93.57	93.43	93.50	87.90
250	75.12	74.07	76.19	76.70	77.45	77.07	93.93	92.88	93.40	86.95
125	74.01	71.93	76.21	74.86	74.86	74.86	93.11	92.74	92.93	86.13
95	69.59	70.23	68.95	69.78	71.06	70.42	92.49	90.45	91.46	84.00
370	74.97	72.90	77.16	76.95	77.38	77.17	93.72	93.12	93.42	87.29
65	73.05	77.44	69.13	73.33	75.66	74.48	94.24	90.87	92.52	86.69
130	78.23	79.14	77.35	76.71	78.87	77.78	95.03	92.73	93.86	87.60
510	74.52	73.05	76.05	75.62	76.28	75.95	93.64	92.70	93.17	87.23
270	75.62	71.26	80.54	78.05	76.67	77.35	93.03	94.36	93.69	88.01
30	74.68	71.08	78.67	74.12	69.23	71.59	89.61	93.96	91.74	85.77
35	77.84	75.00	80.90	75.26	71.57	73.37	90.99	94.13	92.53	87.03
90	76.92	75.22	78.70	75.20	75.20	75.20	93.48	93.27	93.38	86.54
505	74.20	72.38	76.12	75.53	75.89	75.71	93.40	92.80	93.10	87.03
80	76.19	78.26	74.23	74.01	76.02	75.00	94.22	91.71	92.95	86.22
510	74.08	72.43	75.80	75.42	75.93	75.67	93.45	92.70	93.08	87.00
400	73.87	73.00	74.76	75.15	76.07	75.61	93.70	92.43	93.06	86.49
390	74.32	73.47	75.18	75.51	76.39	75.94	93.74	92.54	93.14	86.71
465	74.60	73.66	75.57	75.81	76.89	76.35	93.82	92.52	93.17	86.99
220	74.60	70.91	78.71	77.39	76.91	77.15	93.37	93.78	93.57	87.47
355	72.46	71.49	73.45	75.29	76.32	75.80	93.55	92.20	92.87	85.94
340	76.06	73.76	78.51	78.14	78.30	78.22	93.95	93.62	93.78	87.81
335	73.46	72.06	74.93	75.93	76.80	76.36	93.77	92.65	93.21	86.38
350	75.91	72.67	79.45	77.27	76.74	77.01	93.35	93.74	93.55	87.95
215	71.75	69.29	74.39	74.84	74.71	74.78	92.71	92.48	92.59	85.09
175	70.90	67.85	74.24	73.69	73.55	73.62	92.33	92.20	92.26	84.89
420	74.12	73.04	75.23	75.47	76.41	75.94	93.79	92.55	93.17	86.67
60	72.49	74.11	70.94	73.48	75.14	74.30	93.85	91.76	92.80	86.90
345	72.00	70.76	73.29	75.05	75.96	75.50	93.40	92.16	92.77	85.60
530	74.49	73.06	75.97	75.64	76.28	75.96	93.60	92.69	93.15	87.20
95	76.52	75.86	77.19	74.71	75.58	75.14	93.79	92.76	93.27	86.29
25	75.00	67.35	84.62	81.94	77.63	79.73	92.05	96.33	94.14	89.67
485	74.34	73.35	75.35	75.61	76.47	76.04	93.76	92.58	93.17	87.18
40	76.19	74.42	78.05	78.57	78.57	78.57	94.16	93.87	94.01	87.84
225	71.71	70.04	73.46	74.30	74.88	74.59	93.03	92.06	92.54	85.15
385	75.78	73.49	78.22	76.68	76.68	76.68	93.50	93.31	93.40	87.88
115	68.88	67.43	70.40	70.66	71.08	70.87	92.14	91.16	91.65	83.83
545	74.64	73.57	75.74	75.59	76.36	75.97	93.70	92.62	93.16	87.28
465	74.74	73.29	76.25	76.56	77.06	76.81	93.80	92.97	93.38	87.44
395	74.63	72.33	77.09	76.90	76.96	76.93	93.52	93.27	93.40	87.47
380	73.52	70.76	76.49	76.05	75.85	75.95	93.15	93.21	93.18	86.90
430	74.82	73.72	75.95	75.68	76.67	76.18	93.87	92.61	93.23	86.89
100	69.01	68.86	69.16	70.41	71.63	71.01	92.56	90.67	91.60	83.94
240	71.39	69.04	73.90	74.67	75.22	74.95	92.97	92.19	92.58	84.83
70	75.30	73.53	77.16	74.61	73.47	74.04	92.77	93.35	93.06	86.03
50	77.68	75.65	79.82	78.36	78.95	78.65	94.55	93.85	94.20	87.15
330	73.00	70.94	75.19	74.87	75.10	74.99	93.14	92.70	92.92	86.54
420	73.99	71.37	76.82	75.98	75.92	75.95	93.16	93.09	93.13	86.91
475	74.85	73.89	75.84	75.94	76.88	76.41	93.81	92.61	93.21	87.13
425	75.68	73.19	78.34	77.29	77.36	77.33	93.60	93.42	93.51	87.84
505	75.41	74.19	76.67	76.51	77.19	76.85	93.84	92.93	93.38	87.84
470	76.00	73.97	78.14	77.22	77.50	77.36	93.79	93.34	93.56	88.05
395	74.02	71.31	76.94	76.10	75.97	76.04	93.21	93.17	93.19	87.05
80	75.00	73.44	76.63	74.43	74.09	74.26	93.18	93.04	93.11	85.58
405	73.67	72.60	74.76	75.06	76.03	75.55	93.69	92.41	93.05	86.41
480	75.74	74.16	77.39	76.96	77.51	77.23	93.87	93.11	93.49	87.89
240	73.53	70.60	76.73	74.78	75.33	75.06	93.26	92.71	92.98	85.50
65	70.20	71.67	68.80	71.72	73.58	72.63	93.51	91.11	92.29	86.02
265	76.37	75.30	77.46	77.46	78.07	77.76	94.10	93.20	93.65	87.56
330	73.45	71.94	75.04	75.71	76.51	76.11	93.68	92.65	93.16	86.30
490	75.18	74.42	75.96	76.31	77.33	76.82	93.97	92.68	93.32	87.44
215	76.30	77.23	75.38	76.36	77.72	77.03	94.39	92.55	93.46	87.78
110	69.26	68.15	70.42	71.03	71.25	71.14	92.12	91.28	91.70	84.26
170	75.56	75.65	75.46	74.38	76.12	75.24	94.11	92.05	93.07	86.34
410	76.03	73.60	78.63	77.05	76.99	77.02	93.56	93.45	93.50	88.04
465	74.40	73.11	75.74	75.72	76.51	76.11	93.73	92.64	93.18	87.03
305	75.40	71.58	79.66	77.80	76.93	77.36	93.28	94.03	93.65	87.95
245	72.08	69.72	74.60	75.00	75.42	75.21	93.18	92.69	92.93	85.67
270	72.51	69.67	75.59	74.45	75.03	74.74	93.19	92.56	92.88	85.23
115	75.24	74.52	75.98	75.16	75.86	75.51	93.70	92.64	93.17	86.52
175	75.38	74.81	75.96	74.65	76.03	75.33	93.96	92.29	93.12	86.29
185	73.85	71.43	76.44	74.81	75.39	75.10	93.42	92.68	93.05	85.41
85	77.23	79.59	75.00	74.58	76.82	75.69	94.55	91.82	93.17	86.63
255	72.28	69.96	74.76	75.24	75.75	75.49	93.25	92.66	92.95	85.93
455	74.54	73.41	75.70	75.79	76.78	76.28	93.87	92.58	93.22	86.96
185	77.06	77.75	76.38	76.85	78.01	77.43	94.36	92.81	93.58	88.23
330	76.22	73.99	78.58	78.16	78.41	78.28	93.99	93.60	93.79	87.82
485	74.98	74.10	75.88	76.23	77.21	76.72	93.90	92.67	93.29	87.38
170	71.39	68.59	74.43	74.27	74.27	74.27	92.56	92.25	92.40	84.99
350	75.68	73.98	77.46	77.38	78.00	77.69	93.98	93.20	93.59	87.56
285	71.59	70.21	73.03	73.98	75.09	74.53	93.24	91.81	92.52	84.62
300	76.20	74.41	78.07	77.68	78.03	77.85	94.01	93.41	93.71	87.74
490	75.65	74.17	77.19	76.91	77.45	77.18	93.84	93.10	93.47	87.91
320	76.20	73.65	78.93	78.03	78.11	78.07	93.88	93.66	93.77	87.71
145	76.95	76.04	77.88	76.90	78.25	77.57	94.38	92.89	93.63	87.04
375	75.64	73.02	78.46	76.70	76.56	76.63	93.39	93.38	93.39	87.85
505	74.39	73.03	75.80	75.83	76.66	76.24	93.74	92.67	93.20	87.14
280	75.57	71.31	80.37	78.24	77.01	77.62	93.16	94.33	93.74	87.98
185	73.11	70.92	75.43	76.02	76.45	76.23	93.54	92.89	93.21	86.63
380	74.56	72.30	76.97	76.54	76.82	76.68	93.54	93.10	93.32	87.12
530	75.01	74.16	75.88	76.17	77.01	76.59	93.87	92.73	93.30	87.50
315	75.55	71.81	79.70	77.92	77.25	77.58	93.38	93.97	93.68	88.06
400	76.06	73.83	78.43	77.10	77.10	77.10	93.60	93.40	93.50	88.06
345	73.32	71.04	75.76	75.47	75.54	75.51	93.20	92.92	93.06	86.71
530	74.66	73.58	75.76	75.98	76.87	76.42	93.83	92.66	93.24	87.22
450	74.91	74.00	75.84	76.17	77.23	76.69	94.03	92.68	93.35	87.14
265	71.81	70.43	73.24	74.28	75.57	74.92	93.36	91.83	92.59	85.00
185	71.52	68.35	75.00	74.10	73.67	73.88	92.31	92.44	92.37	85.12
360	74.02	73.26	74.80	75.41	76.44	75.92	93.79	92.44	93.11	86.43
525	74.93	73.91	75.98	76.25	76.99	76.62	93.82	92.79	93.30	87.53
325	73.49	71.70	75.38	75.61	76.26	75.94	93.59	92.71	93.15	86.31
70	73.09	76.92	69.62	72.86	74.27	73.56	93.72	91.14	92.41	86.98
290	76.00	72.03	80.43	78.45	77.35	77.90	93.32	94.34	93.83	88.23
85	71.29	72.00	70.59	75.00	77.04	76.01	94.39	91.98	93.17	87.37
65	76.47	74.52	78.52	76.40	74.32	75.35	92.88	94.10	93.49	86.69
75	70.29	70.29	70.29	74.46	76.11	75.27	93.96	91.94	92.94	86.64
305	73.63	72.15	75.16	75.03	75.88	75.45	93.55	92.51	93.03	86.59
345	75.62	73.90	77.42	77.71	78.26	77.98	94.03	93.33	93.68	87.57
215	74.45	71.95	77.12	75.04	75.54	75.29	93.42	92.78	93.10	85.99
200	73.29	70.30	76.55	76.28	76.15	76.21	93.30	93.26	93.28	87.20
15	86.84	89.19	84.62	80.49	82.50	81.48	96.52	94.28	95.38	92.19
35	73.74	82.50	66.67	68.57	72.00	70.24	93.75	88.65	91.13	85.54
105	68.38	67.51	69.26	70.55	71.24	70.89	92.20	90.89	91.54	83.88
115	73.68	75.59	71.88	74.43	76.63	75.51	94.42	91.67	93.02	87.36
20	80.49	82.50	78.57	75.81	74.60	75.20	93.48	93.30	93.39	91.26
45	75.00	84.38	67.50	69.92	73.81	71.81	94.55	89.03	91.71	86.33
415	74.72	72.81	76.74	76.85	77.04	76.94	93.61	93.15	93.38	87.47
65	78.10	77.54	78.68	78.26	80.45	79.34	95.37	93.30	94.32	88.35
375	72.87	72.31	73.44	75.59	76.92	76.25	93.80	92.17	92.98	86.26
210	73.92	70.55	77.64	76.52	76.14	76.33	93.21	93.48	93.34	87.18
135	67.91	65.05	71.02	71.36	71.17	71.26	91.85	91.68	91.76	83.62
550	74.77	73.70	75.87	75.84	76.60	76.21	93.76	92.69	93.22	87.37
140	68.43	65.51	71.63	72.30	71.95	72.13	91.99	91.99	91.99	84.16
245	75.13	71.37	79.30	77.67	76.91	77.29	93.32	94.02	93.67	87.92
300	71.72	70.72	72.76	74.39	75.53	74.96	93.36	91.87	92.61	85.00
255	75.32	71.06	80.13	77.88	76.74	77.31	93.15	94.26	93.70	87.91
235	76.53	76.84	76.22	77.26	78.52	77.88	94.47	92.85	93.66	87.98
25	73.28	68.57	78.69	74.65	69.74	72.11	89.18	94.01	91.53	84.44
295	73.98	72.76	75.24	75.35	76.52	75.93	93.80	92.48	93.13	86.33
100	76.06	74.24	77.98	75.54	75.27	75.40	93.34	93.23	93.28	87.01
55	71.96	72.64	71.30	71.95	73.29	72.62	93.29	91.56	92.42	86.39
155	68.75	66.57	71.08	72.95	72.95	72.95	92.38	91.94	92.16	84.10
165	72.56	71.12	74.05	75.00	75.95	75.47	93.57	92.35	92.96	86.13
520	74.50	73.52	75.52	75.77	76.73	76.25	93.83	92.57	93.20	87.13
125	69.12	66.90	71.48	71.78	71.78	71.78	92.16	91.71	91.93	84.40
485	73.93	71.66	76.36	75.60	75.76	75.68	93.26	92.89	93.08	86.88
520	74.78	73.64	75.95	76.14	76.85	76.49	93.76	92.78	93.27	87.47
355	75.35	72.56	78.37	76.87	76.57	76.72	93.36	93.52	93.44	87.66
20	72.00	66.67	78.26	77.97	74.19	76.03	90.11	94.14	92.08	84.36
550	74.77	73.70	75.87	75.84	76.60	76.21	93.76	92.69	93.22	87.37
10	73.33	68.75	78.57	76.67	71.88	74.19	90.70	94.57	92.60	89.47
520	74.12	72.64	75.66	75.38	76.03	75.70	93.52	92.61	93.06	87.01
240	72.07	69.62	74.70	75.14	75.47	75.31	93.14	92.74	92.94	85.61
405	73.48	73.18	73.78	75.53	77.02	76.27	93.93	92.13	93.02	86.41
425	74.58	73.52	75.68	75.69	76.63	76.16	93.86	92.64	93.24	86.80
315	76.52	74.37	78.78	78.11	78.28	78.19	94.01	93.62	93.82	87.82
345	75.80	72.36	79.59	77.45	76.84	77.15	93.31	93.83	93.57	87.93
370	75.58	72.84	78.54	76.56	76.42	76.49	93.35	93.37	93.36	87.73
55	76.99	76.67	77.31	76.82	78.91	77.85	95.04	92.84	93.92	87.03
215	72.16	69.67	74.83	75.20	75.32	75.26	92.98	92.79	92.89	85.56
225	73.12	70.08	76.45	74.17	74.64	74.40	93.06	92.57	92.81	85.05
435	74.65	72.83	76.57	76.55	76.73	76.64	93.56	93.09	93.32	87.42
150	72.45	68.99	76.28	75.24	74.88	75.06	92.71	92.84	92.78	85.57
70	77.55	80.61	74.72	73.10	75.39	74.23	94.23	91.37	92.78	86.66
525	74.31	72.91	75.77	75.52	76.21	75.86	93.59	92.63	93.11	87.14
240	75.44	71.49	79.87	77.99	77.21	77.59	93.37	94.12	93.74	87.98
470	74.85	73.88	75.84	75.97	76.98	76.47	93.84	92.60	93.22	87.10
155	77.44	79.88	75.14	75.51	77.26	76.38	94.53	92.11	93.30	87.47
440	74.60	72.71	76.59	76.74	76.98	76.86	93.64	93.12	93.38	87.49
325	71.78	70.68	72.90	74.33	75.30	74.81	93.25	91.93	92.59	85.24
145	68.78	66.56	71.15	72.21	72.21	72.21	92.23	91.77	92.00	84.06
280	76.24	74.79	77.74	77.39	77.88	77.63	94.02	93.28	93.65	87.50
365	72.50	71.97	73.03	75.19	76.54	75.86	93.73	92.05	92.88	86.06
320	75.77	72.10	79.84	77.78	77.03	77.40	93.35	93.97	93.66	88.10
105	75.41	77.31	73.60	73.56	75.35	74.44	94.07	91.59	92.81	85.59
315	71.90	70.66	73.18	74.86	75.78	75.32	93.35	92.10	92.72	85.32
260	75.17	70.66	80.28	77.79	76.47	77.13	92.97	94.27	93.62	87.87
165	76.99	79.08	75.00	75.53	77.32	76.41	94.50	92.14	93.30	87.53
480	74.34	73.15	75.57	75.85	76.61	76.23	93.74	92.66	93.20	87.21
265	75.49	70.93	80.68	78.04	76.64	77.33	92.98	94.38	93.67	87.97
420	74.86	73.00	76.80	76.89	77.07	76.98	93.63	93.16	93.40	87.55
365	73.28	70.39	76.41	76.05	75.77	75.91	93.08	93.22	93.15	86.74
50	79.25	80.77	77.78	74.29	74.29	74.29	93.19	92.44	92.81	87.41
300	72.84	70.44	75.41	75.15	75.50	75.32	93.28	92.73	93.00	85.82
135	74.70	75.90	73.54	75.99	77.92	76.94	94.61	92.16	93.37	87.88
260	72.16	70.13	74.32	75.16	75.96	75.56	93.37	92.47	92.92	85.97
220	76.28	77.21	75.38	76.67	78.13	77.39	94.51	92.61	93.55	87.90
205	70.93	68.10	74.00	73.88	73.63	73.76	92.36	92.29	92.32	84.67
485	74.61	73.54	75.71	76.05	76.80	76.43	93.85	92.74	93.29	87.43
370	74.14	73.20	75.10	75.54	76.47	76.00	93.75	92.51	93.13	86.57
310	75.54	71.93	79.53	77.75	77.07	77.41	93.39	93.95	93.67	88.02
335	73.04	71.05	75.15	74.97	75.20	75.09	93.17	92.72	92.94	86.60
450	74.36	73.35	75.40	75.97	76.91	76.43	93.74	92.56	93.15	86.93
110	73.66	74.75	72.60	75.30	77.13	76.20	94.40	92.15	93.26	87.73
160	77.27	79.53	75.14	75.66	77.35	76.50	94.51	92.17	93.32	87.47
110	78.66	79.10	78.23	76.16	77.70	76.92	94.65	92.90	93.77	87.43
35	73.83	70.51	77.46	71.72	71.00	71.36	92.32	92.86	92.59	86.27
150	74.01	75.17	72.88	75.11	77.03	76.06	94.36	91.90	93.11	86.99
495	74.26	72.12	76.53	75.81	76.08	75.95	93.39	92.92	93.15	87.04
230	72.02	70.52	73.60	74.58	75.27	74.92	93.17	92.10	92.63	85.33
355	75.59	74.15	77.08	77.44	78.20	77.82	94.05	93.13	93.59	87.52
260	72.18	70.64	73.79	74.83	76.05	75.44	93.48	92.01	92.74	85.25
40	77.27	74.73	80.00	76.79	74.78	75.77	93.03	94.26	93.64	87.92
510	74.52	73.23	75.84	75.92	76.79	76.35	93.80	92.67	93.23	87.18
550	74.77	73.70	75.87	75.84	76.60	76.21	93.76	92.69	93.22	87.37
45	78.81	78.81	78.81	74.80	73.64	74.22	92.48	93.06	92.77	87.56
195	73.53	70.50	76.84	76.46	76.33	76.39	93.34	93.30	93.32	86.98
375	74.63	72.38	77.03	76.79	77.07	76.93	93.60	93.14	93.37	87.15
540	74.42	73.49	75.36	75.63	76.60	76.11	93.81	92.53	93.17	87.14
325	73.02	70.94	75.23	74.82	75.13	74.97	93.16	92.65	92.91	86.43
55	78.60	78.32	78.87	74.34	74.34	74.34	93.13	92.65	92.89	86.94
205	74.15	71.86	76.59	74.91	75.44	75.17	93.43	92.74	93.08	85.88
525	75.32	74.70	75.95	76.42	77.53	76.97	94.09	92.68	93.38	87.64
185	69.85	67.48	72.40	73.52	73.93	73.72	92.67	92.14	92.41	84.66
365	74.24	73.44	75.07	75.52	76.54	76.03	93.81	92.47	93.13	86.53
275	75.83	71.65	80.53	78.29	77.04	77.66	93.16	94.36	93.76	88.19
135	77.42	77.67	77.17	76.96	79.03	77.98	94.95	92.82	93.87	87.36
290	72.82	70.20	75.63	74.76	75.12	74.94	93.20	92.68	92.94	85.63
535	75.28	74.44	76.14	76.34	77.38	76.85	94.03	92.71	93.37	87.53
80	70.59	70.83	70.34	74.90	76.45	75.66	94.03	92.05	93.03	86.90
160	75.34	74.93	75.76	74.67	76.02	75.34	93.90	92.24	93.06	86.14
350	73.37	71.09	75.81	75.37	75.37	75.37	93.14	92.93	93.03	86.65
460	74.45	72.98	75.97	76.35	76.86	76.60	93.74	92.90	93.32	87.35
310	73.12	71.04	75.32	75.11	75.71	75.41	93.42	92.63	93.03	86.01
45	79.60	76.92	82.47	78.05	75.59	76.80	93.23	94.84	94.03	88.64
295	75.42	71.14	80.25	78.22	77.14	77.67	93.22	94.23	93.72	87.98
435	74.09	71.35	77.06	75.95	75.95	75.95	93.21	93.08	93.14	87.01
295	76.62	75.28	78.02	77.89	78.45	78.17	94.17	93.37	93.77	87.92
195	70.15	67.68	72.80	74.17	74.43	74.30	92.75	92.36	92.55	84.91
375	73.61	70.86	76.58	76.25	76.04	76.15	93.19	93.25	93.22	86.91
205	73.33	69.72	77.34	76.34	75.83	76.09	93.05	93.44	93.24	87.03
295	72.63	70.22	75.21	74.64	75.00	74.82	93.16	92.61	92.88	85.58
15	71.43	68.18	75.00	77.27	73.91	75.56	90.34	94.20	92.23	82.61
125	76.79	78.29	75.34	74.50	75.79	75.14	94.07	92.09	93.07	86.86
445	74.15	71.85	76.60	75.85	76.02	75.93	93.32	92.96	93.14	87.01
290	76.52	75.04	78.06	77.74	78.20	77.97	94.08	93.37	93.72	87.85
265	73.06	70.22	76.15	74.77	75.17	74.97	93.21	92.72	92.96	85.54
500	75.35	74.67	76.04	76.33	77.44	76.88	94.04	92.67	93.35	87.55
290	73.07	71.82	74.37	75.09	76.27	75.67	93.69	92.36	93.02	86.13
190	74.14	72.02	76.40	74.86	75.71	75.28	93.60	92.60	93.10	85.64
50	72.57	76.79	68.80	69.44	70.92	70.18	92.90	90.06	91.46	84.88
170	73.00	71.60	74.46	75.10	76.02	75.56	93.61	92.44	93.02	86.36
310	76.65	74.74	78.66	78.26	78.52	78.39	94.09	93.61	93.85	87.96
525	74.61	73.28	76.00	75.62	76.31	75.96	93.66	92.68	93.17	87.26
55	78.29	75.94	80.80	77.18	74.68	75.91	92.98	94.56	93.76	87.47
250	72.76	69.79	75.99	73.90	74.32	74.11	93.00	92.51	92.75	85.03
210	74.27	71.73	77.01	74.96	75.47	75.21	93.41	92.76	93.09	85.93
545	74.67	73.75	75.61	75.86	76.82	76.34	93.86	92.60	93.23	87.26
540	74.56	73.38	75.77	75.59	76.26	75.92	93.64	92.65	93.14	87.20
140	74.14	74.14	74.14	75.90	77.21	76.55	94.21	92.42	93.31	87.48
550	74.77	73.70	75.87	75.84	76.60	76.21	93.76	92.69	93.22	87.37
275	72.31	69.89	74.91	74.20	74.97	74.58	93.25	92.36	92.80	85.12
485	75.75	74.26	77.31	77.00	77.55	77.28	93.89	93.12	93.50	87.94
15	68.85	67.74	70.00	73.33	73.33	73.33	92.79	92.04	92.41	85.04
90	75.89	76.44	75.36	75.20	76.71	75.94	94.14	92.28	93.20	86.13
495	75.30	74.55	76.07	76.21	77.27	76.74	93.98	92.66	93.32	87.51
405	74.02	71.31	76.94	76.12	75.99	76.06	93.18	93.18	93.18	86.92
510	75.43	74.93	75.93	76.34	77.53	76.93	94.10	92.63	93.36	87.60
505	75.30	74.76	75.84	76.32	77.52	76.91	94.09	92.61	93.35	87.55
320	73.30	71.32	75.38	75.05	75.38	75.21	93.22	92.70	92.96	86.58
520	74.65	73.30	76.06	75.80	76.51	76.15	93.71	92.72	93.21	87.33
305	76.72	74.96	78.56	77.98	78.34	78.16	94.10	93.51	93.81	87.91
360	73.18	70.40	76.18	75.78	75.57	75.68	93.08	93.13	93.10	86.66
425	74.04	73.63	74.46	75.82	77.12	76.47	93.92	92.34	93.13	86.74
255	75.69	74.59	76.81	77.01	77.64	77.32	93.97	93.04	93.50	87.24
260	76.29	75.22	77.40	77.38	78.00	77.69	94.08	93.16	93.62	87.45
375	74.16	73.28	75.06	75.44	76.28	75.86	93.71	92.51	93.11	86.54
330	76.18	72.23	80.59	78.05	77.07	77.56	93.31	94.16	93.73	88.17
215	74.59	71.27	78.24	76.97	76.60	76.79	93.35	93.62	93.48	87.40
365	75.15	73.20	77.20	77.03	77.47	77.25	93.77	93.17	93.47	87.26
290	71.95	70.52	73.43	74.33	75.34	74.83	93.28	91.95	92.61	84.85
385	73.82	71.19	76.66	76.13	76.00	76.06	93.23	93.21	93.22	86.96
390	72.94	72.90	72.99	75.13	76.67	75.89	93.87	91.97	92.91	86.25
70	78.69	78.43	78.95	77.44	79.06	78.24	95.03	93.27	94.14	88.18
20	73.33	64.71	84.62	84.21	80.00	82.05	92.37	96.79	94.53	88.24
195	71.70	69.25	74.33	74.33	74.06	74.19	92.45	92.37	92.41	85.18
500	74.81	73.60	76.05	75.94	76.72	76.33	93.84	92.72	93.27	87.41
310	73.43	71.60	75.36	75.03	75.53	75.28	93.33	92.65	92.99	86.63
390	75.77	73.33	78.39	76.85	76.71	76.78	93.44	93.40	93.42	87.93
130	74.09	75.31	72.91	75.06	77.04	76.04	94.42	91.89	93.13	87.52
40	74.07	71.43	76.92	73.04	72.41	72.73	92.67	92.95	92.81	86.83
540	74.70	73.49	75.95	75.59	76.31	75.95	93.69	92.66	93.17	87.29
250	74.92	70.72	79.66	77.82	76.87	77.34	93.21	94.15	93.67	87.80
15	71.11	64.00	80.00	80.95	77.27	79.07	91.80	95.63	93.68	86.32
325	76.05	73.91	78.33	77.87	78.21	78.04	93.97	93.48	93.73	87.64
430	74.28	73.87	74.69	75.83	77.12	76.47	93.94	92.37	93.15	86.82
280	72.43	69.98	75.04	74.03	74.59	74.31	93.13	92.40	92.77	85.23
540	74.84	73.79	75.93	76.09	76.96	76.52	93.86	92.70	93.28	87.39
545	74.86	73.72	76.03	75.98	76.75	76.37	93.78	92.73	93.25	87.40
105	76.82	74.90	78.85	76.37	75.85	76.11	93.43	93.54	93.48	87.43
95	72.78	74.01	71.58	74.39	76.51	75.44	94.36	91.81	93.07	87.17
360	75.28	73.50	77.15	77.18	77.78	77.48	93.89	93.13	93.51	87.26
180	69.77	67.67	72.00	73.33	73.75	73.54	92.71	92.04	92.37	84.60
275	72.92	70.87	75.09	75.44	76.29	75.86	93.53	92.61	93.07	86.22
455	74.35	72.84	75.92	76.35	76.75	76.55	93.68	92.92	93.30	87.26
220	71.82	69.61	74.18	74.56	74.80	74.68	92.87	92.30	92.58	85.21
200	76.96	77.51	76.42	77.19	78.40	77.79	94.49	92.90	93.69	88.24
245	75.36	74.43	76.31	77.04	78.03	77.53	94.13	92.89	93.51	87.16
285	76.31	74.76	77.93	77.59	77.87	77.73	93.96	93.40	93.68	87.63
110	75.88	77.08	74.71	74.11	75.33	74.71	93.88	92.01	92.94	85.99
455	74.67	73.63	75.74	76.17	77.03	76.60	93.77	92.66	93.21	87.14
400	73.29	72.86	73.73	75.47	76.85	76.15	93.85	92.17	93.01	86.34
150	69.01	67.46	70.62	72.54	72.87	72.71	92.50	91.68	92.09	84.15
445	74.41	73.47	75.38	76.21	77.16	76.68	93.82	92.63	93.22	86.90
40	78.14	77.78	78.50	74.11	72.81	73.45	92.12	92.95	92.53	87.02
180	70.97	67.90	74.32	73.68	73.40	73.54	92.29	92.24	92.27	84.96
130	68.55	65.76	71.59	71.77	71.58	71.67	91.98	91.81	91.90	84.18
420	73.74	73.41	74.08	75.73	77.17	76.44	93.95	92.24	93.09	86.61
400	74.29	71.49	77.32	76.24	76.05	76.15	93.20	93.25	93.23	87.09
100	75.32	76.32	74.36	74.47	75.54	75.00	93.80	92.09	92.93	85.80
175	68.88	66.75	71.15	72.66	73.08	72.87	92.51	91.83	92.17	84.23
515	75.35	75.07	75.63	76.17	77.51	76.84	94.16	92.52	93.33	87.54
195	76.79	77.07	76.51	76.94	78.04	77.48	94.35	92.89	93.61	88.13
230	75.38	71.93	79.18	77.78	77.54	77.66	93.64	93.84	93.74	87.83
195	74.25	71.78	76.90	75.00	75.56	75.28	93.44	92.77	93.10	85.59
125	79.00	79.26	78.74	77.10	78.93	78.01	95.00	93.06	94.02	87.72
470	74.74	73.53	76.00	76.34	77.01	76.68	93.86	92.84	93.35	87.39
475	73.91	71.39	76.62	75.74	75.79	75.77	93.22	92.98	93.10	86.90
165	70.99	67.92	74.34	74.36	74.04	74.20	92.33	92.40	92.37	84.84
130	77.50	78.97	76.08	75.74	76.99	76.36	94.33	92.44	93.37	87.59
475	75.95	74.05	77.94	77.16	77.50	77.33	93.81	93.27	93.54	87.99
460	74.11	71.50	76.92	76.01	76.01	76.01	93.24	93.07	93.15	87.01
435	74.66	73.49	75.86	75.73	76.65	76.19	93.83	92.63	93.23	86.93
245	71.43	69.44	73.53	74.68	75.43	75.05	93.11	92.09	92.60	84.89
370	72.79	72.27	73.32	75.60	76.94	76.26	93.82	92.16	92.98	86.29
530	75.02	74.14	75.92	76.27	77.26	76.76	93.98	92.69	93.33	87.46
500	74.18	72.31	76.16	75.68	76.05	75.87	93.42	92.83	93.12	87.00
120	69.48	68.05	70.98	72.00	72.41	72.21	92.45	91.51	91.98	84.38
535	74.50	73.44	75.60	75.84	76.72	76.28	93.80	92.62	93.21	87.19
220	73.97	71.31	76.82	74.88	75.49	75.18	93.41	92.70	93.06	85.80
405	74.78	72.91	76.74	76.79	77.11	76.95	93.68	93.13	93.40	87.47
165	75.70	75.60	75.80	74.51	76.16	75.33	94.07	92.13	93.09	86.23
445	74.84	73.80	75.90	76.02	77.04	76.53	93.96	92.67	93.31	87.10
10	75.56	89.47	65.38	71.88	79.31	75.41	97.10	88.41	92.55	88.04
255	72.87	70.05	75.93	74.17	74.69	74.43	93.12	92.53	92.82	85.15
300	73.81	72.66	75.00	74.94	76.17	75.55	93.75	92.36	93.05	86.39
395	73.92	73.05	74.82	75.09	76.02	75.55	93.68	92.41	93.04	86.47
85	69.45	68.21	70.74	71.43	71.43	71.43	91.97	91.45	91.71	84.71
175	76.76	77.90	75.65	76.19	77.73	76.95	94.42	92.46	93.43	87.54
90	72.07	73.62	70.59	74.28	76.49	75.37	94.43	91.69	93.04	87.15
515	74.57	73.11	76.09	75.70	76.35	76.02	93.65	92.72	93.18	87.30
395	75.80	73.45	78.30	77.02	76.95	76.98	93.52	93.40	93.46	88.00
10	75.68	66.67	87.50	80.77	75.00	77.78	90.24	96.75	93.38	86.15
335	76.11	73.57	78.83	78.20	78.28	78.24	93.90	93.69	93.80	87.72
175	73.72	72.33	75.15	75.79	76.69	76.24	93.79	92.65	93.22	86.71
55	72.94	75.61	70.45	71.88	72.78	72.33	93.21	91.06	92.12	85.95
395	72.80	72.36	73.25	75.22	76.61	75.90	93.77	92.07	92.91	86.14
545	74.91	73.93	75.92	75.92	76.79	76.35	93.83	92.67	93.25	87.39
65	76.69	80.13	73.53	71.58	74.43	72.98	94.13	90.71	92.39	85.85
400	74.62	72.56	76.81	76.85	77.05	76.95	93.60	93.19	93.39	87.46
250	71.88	70.05	73.80	74.58	75.53	75.05	93.24	92.02	92.62	85.01
85	75.71	73.95	77.56	73.82	73.82	73.82	93.12	92.90	93.01	85.89
