405	62.97	66.85	59.51	64.64	69.18	66.83	92.90	87.35	90.04	83.08
15	70.97	62.86	81.48	75.56	69.39	72.34	89.37	94.69	91.95	86.96
145	61.30	62.81	59.87	62.70	66.34	64.47	91.71	87.12	89.35	81.38
415	63.32	65.26	61.49	65.76	69.78	67.71	92.65	87.94	90.24	82.71
550	63.14	67.17	59.57	64.85	69.84	67.25	93.17	87.18	90.08	82.84
455	62.54	66.63	58.92	64.64	69.55	67.00	93.07	87.17	90.02	83.01
460	62.68	66.27	59.47	64.50	69.56	66.93	93.15	87.13	90.04	82.30
305	62.66	65.45	60.10	65.38	70.34	67.77	93.19	87.48	90.24	81.84
475	62.38	66.20	58.98	64.40	69.55	66.88	93.18	87.04	90.01	82.49
170	61.99	64.05	60.06	64.61	69.42	66.93	92.65	86.96	89.72	82.06
320	62.56	65.17	60.15	65.21	69.83	67.44	93.00	87.58	90.21	81.95
365	62.98	66.11	60.14	64.81	69.15	66.91	92.80	87.56	90.10	82.96
230	64.85	66.59	63.19	66.62	71.07	68.77	93.29	88.16	90.65	81.94
475	62.23	65.59	59.19	64.64	69.37	66.92	92.93	87.25	90.00	82.37
440	63.44	65.37	61.63	65.62	69.70	67.60	92.71	87.89	90.24	82.88
410	61.90	67.83	56.92	63.85	69.97	66.77	93.53	86.18	89.71	82.15
235	62.53	65.68	59.67	64.54	70.06	67.19	93.22	86.83	89.91	82.31
190	61.68	64.17	59.38	64.11	69.44	66.67	92.89	86.71	89.69	82.06
330	60.65	65.40	56.55	62.96	68.58	65.65	92.96	86.12	89.41	81.28
135	63.54	72.13	56.77	61.37	68.34	64.67	93.80	85.16	89.27	81.75
270	62.79	68.40	58.02	63.45	68.95	66.09	93.20	86.47	89.71	82.22
230	62.14	65.34	59.24	64.35	69.89	67.01	93.15	86.71	89.81	81.96
340	63.09	66.93	59.66	65.20	70.44	67.72	93.40	87.26	90.22	81.93
200	60.88	64.36	57.76	62.28	67.19	64.64	92.34	86.27	89.20	81.14
535	62.81	66.56	59.45	64.51	69.37	66.85	92.99	87.14	89.97	82.61
355	64.15	66.62	61.85	66.52	70.67	68.53	92.99	88.04	90.45	83.32
440	62.63	68.35	57.79	64.00	69.90	66.82	93.52	86.44	89.84	82.56
60	62.50	71.43	55.56	62.37	69.94	65.94	94.03	85.06	89.32	82.09
210	63.39	66.33	60.69	65.04	70.41	67.62	93.15	87.00	89.97	82.47
75	66.01	71.43	61.35	61.33	66.35	63.74	92.81	86.44	89.51	83.03
355	63.14	66.92	59.76	64.81	69.92	67.27	93.23	87.20	90.11	81.98
35	65.71	65.71	65.71	70.48	70.48	70.48	92.36	90.76	91.55	84.05
450	61.66	64.82	58.80	64.39	68.95	66.59	92.73	87.22	89.89	82.18
190	63.23	69.97	57.67	62.98	68.74	65.73	93.32	86.14	89.59	82.72
490	62.79	65.56	60.24	64.65	69.10	66.80	92.77	87.44	90.03	82.57
335	61.31	66.16	57.12	63.23	68.87	65.93	93.06	86.23	89.52	81.45
260	63.79	66.20	61.55	65.43	70.18	67.72	93.21	87.65	90.34	81.79
20	58.82	67.57	52.08	50.00	56.36	52.99	91.86	82.39	86.86	78.53
460	62.81	66.95	59.15	64.87	69.79	67.24	93.14	87.24	90.09	83.11
75	64.46	66.46	62.57	65.45	68.90	67.13	92.97	87.95	90.39	81.03
105	69.35	72.88	66.15	65.68	70.32	67.92	93.80	88.06	90.84	82.73
80	65.06	71.52	59.67	60.49	66.22	63.23	92.97	85.79	89.23	82.89
120	69.12	73.44	65.28	66.48	71.83	69.05	94.34	87.95	91.03	82.86
305	61.51	67.29	56.65	62.95	69.21	65.93	93.44	85.87	89.50	81.50
380	61.46	67.53	56.39	63.95	70.01	66.84	93.49	86.18	89.68	82.18
310	61.03	66.48	56.41	62.77	68.82	65.66	93.20	85.87	89.39	81.36
30	54.55	56.60	52.63	55.32	59.09	57.14	90.35	84.84	87.51	79.92
420	62.77	67.03	59.02	64.72	69.52	67.03	93.10	87.24	90.08	83.15
225	62.51	70.00	56.48	63.15	69.29	66.08	93.61	85.98	89.63	82.65
340	61.53	66.17	57.49	63.66	69.18	66.30	93.07	86.43	89.63	81.58
280	64.27	67.31	61.48	66.21	71.55	68.78	93.52	87.49	90.41	83.01
385	61.00	63.31	58.85	63.77	68.10	65.86	92.35	87.17	89.69	81.68
250	63.21	66.74	60.04	65.43	70.95	68.08	93.43	87.09	90.15	82.70
165	61.56	64.06	59.25	64.09	69.02	66.47	92.64	86.71	89.57	81.82
415	62.81	66.54	59.49	64.10	69.28	66.59	93.14	87.00	89.96	82.07
170	62.59	70.00	56.60	62.52	68.88	65.55	93.49	85.62	89.38	81.75
480	62.15	65.64	59.01	64.65	69.51	66.99	93.01	87.20	90.01	82.42
470	62.90	65.08	60.87	64.95	69.12	66.97	92.64	87.67	90.09	82.64
70	60.66	66.67	55.64	63.39	68.27	65.74	93.13	86.74	89.82	83.10
350	63.03	66.62	59.81	65.00	70.06	67.44	93.21	87.27	90.14	82.01
25	54.55	60.00	50.00	50.63	55.56	52.98	90.54	83.03	86.62	78.47
140	67.21	70.21	64.47	66.67	71.65	69.07	93.90	88.17	90.94	82.65
320	60.53	65.65	56.15	62.94	68.70	65.69	93.01	86.00	89.37	81.40
430	61.37	64.48	58.55	64.26	68.82	66.46	92.67	87.16	89.83	82.06
120	63.96	70.16	58.77	64.02	68.36	66.12	92.96	87.09	89.93	84.02
325	63.80	66.10	61.66	65.90	69.64	67.72	92.71	88.15	90.37	83.67
200	63.60	66.75	60.74	65.06	70.07	67.47	93.35	87.34	90.25	81.40
130	63.42	67.63	59.71	63.01	67.49	65.17	92.71	86.94	89.73	82.40
245	64.66	66.46	62.96	66.26	70.48	68.30	93.05	88.11	90.51	82.14
340	64.05	66.46	61.81	66.19	70.39	68.23	92.93	87.93	90.36	83.20
285	63.17	65.28	61.19	65.24	69.85	67.47	93.02	87.66	90.26	81.64
160	63.01	68.73	58.17	64.26	69.57	66.81	93.58	86.89	90.11	83.09
390	61.09	63.22	59.11	64.14	68.25	66.13	92.29	87.36	89.76	81.87
540	63.40	67.73	59.58	65.07	70.09	67.49	93.27	87.24	90.16	82.93
115	69.07	73.68	65.00	65.67	70.97	68.22	94.10	87.71	90.80	82.75
425	63.08	65.07	61.21	65.36	69.51	67.37	92.65	87.77	90.14	82.82
220	62.61	65.16	60.26	65.01	70.25	67.53	93.06	87.04	89.95	82.04
230	62.82	69.33	57.44	63.21	69.14	66.04	93.46	86.20	89.68	82.54
140	63.97	72.80	57.05	61.78	68.88	65.14	94.00	85.26	89.42	81.97
150	65.96	68.24	63.82	64.86	69.23	66.98	93.07	87.87	90.39	81.85
110	63.95	69.12	59.49	61.82	66.45	64.05	92.62	86.52	89.47	82.35
495	62.49	66.15	59.21	64.41	69.42	66.82	93.08	87.06	89.97	82.58
95	62.97	69.83	57.34	61.09	67.55	64.16	93.51	85.26	89.19	80.73
75	63.55	70.90	57.58	65.85	72.32	68.94	94.17	86.72	90.29	83.80
60	63.77	73.33	56.41	56.99	64.63	60.57	93.73	83.65	88.40	80.08
345	62.81	66.51	59.50	65.00	70.15	67.48	93.24	87.20	90.12	81.73
50	60.22	67.47	54.37	59.24	65.03	62.00	92.77	85.16	88.80	81.50
90	61.99	67.65	57.21	63.67	69.70	66.55	93.34	86.04	89.54	82.26
30	66.04	67.31	64.81	73.40	75.00	74.19	94.03	91.29	92.64	85.77
440	62.28	66.20	58.80	64.62	69.39	66.92	92.95	87.18	89.98	82.84
470	62.40	66.16	59.05	64.45	69.55	66.90	93.17	87.07	90.02	82.53
450	63.38	65.60	61.31	65.31	69.43	67.31	92.67	87.77	90.15	82.87
265	63.03	66.39	60.00	65.62	71.09	68.25	93.41	87.15	90.17	82.80
210	61.35	64.80	58.26	62.69	67.61	65.06	92.44	86.37	89.30	81.44
495	62.33	66.63	58.55	64.29	69.57	66.82	93.28	86.92	89.99	82.56
280	60.93	67.14	55.76	61.98	68.45	65.05	93.32	85.40	89.19	80.95
135	62.80	66.67	59.36	62.41	66.84	64.55	92.47	86.80	89.55	82.06
530	63.05	66.91	59.62	64.61	69.66	67.04	93.14	87.09	90.02	82.70
120	63.26	71.56	56.69	60.92	67.87	64.20	93.77	85.04	89.19	80.86
515	62.67	66.74	59.07	64.58	69.82	67.10	93.28	87.02	90.04	82.54
205	62.69	65.45	60.14	65.01	70.37	67.58	93.11	86.99	89.94	82.40
155	65.47	68.22	62.93	64.64	69.30	66.89	93.12	87.64	90.30	81.72
535	63.44	67.74	59.65	65.09	70.17	67.53	93.30	87.24	90.16	82.93
275	61.05	66.94	56.11	62.04	68.31	65.02	93.21	85.52	89.20	80.96
360	63.33	66.67	60.30	64.94	69.34	67.07	92.86	87.57	90.14	83.16
455	63.16	65.00	61.43	65.27	69.25	67.20	92.55	87.85	90.14	82.76
545	63.06	67.00	59.55	64.67	69.62	67.05	93.10	87.15	90.03	82.71
425	61.41	64.19	58.85	64.56	68.97	66.69	92.64	87.32	89.90	82.19
480	62.63	67.29	58.59	64.30	69.77	66.92	93.30	86.77	89.91	82.50
100	68.24	71.95	64.90	65.17	70.00	67.50	93.78	87.75	90.66	82.25
535	63.14	66.94	59.74	64.69	69.65	67.08	93.12	87.17	90.04	82.77
350	61.70	66.56	57.50	63.95	69.48	66.60	93.17	86.50	89.71	82.01
500	63.06	67.69	59.03	64.97	70.10	67.44	93.29	87.14	90.11	83.12
190	64.20	68.45	60.45	65.08	69.84	67.37	93.40	87.55	90.38	83.55
235	61.23	66.51	56.73	62.33	68.11	65.09	93.03	85.81	89.28	81.51
205	62.91	70.11	57.05	62.62	68.72	65.53	93.50	85.89	89.53	82.37
155	62.89	69.64	57.33	63.51	69.06	66.17	93.60	86.48	89.90	83.10
270	60.90	66.32	56.31	62.41	68.46	65.29	93.10	85.74	89.27	81.11
525	62.77	66.91	59.10	64.76	69.91	67.24	93.28	87.08	90.07	82.62
120	63.33	68.16	59.14	62.26	66.86	64.48	92.61	86.58	89.50	82.45
200	62.61	65.00	60.39	64.54	69.78	67.05	92.93	86.95	89.84	82.28
490	62.50	66.22	59.18	64.63	69.61	67.03	93.12	87.13	90.03	82.60
75	65.00	75.36	57.14	59.66	67.80	63.47	94.63	84.09	89.05	81.55
270	63.96	67.28	60.96	66.15	71.57	68.76	93.53	87.39	90.35	83.11
390	63.17	64.76	61.66	66.23	70.10	68.11	92.65	88.12	90.33	82.83
285	64.16	66.60	61.89	65.65	69.50	67.52	92.80	88.11	90.39	83.92
95	65.63	70.17	61.65	62.46	66.67	64.49	92.62	87.08	89.77	83.25
25	62.22	63.64	60.87	72.50	74.36	73.42	93.86	90.64	92.22	84.75
445	62.37	66.46	58.75	64.52	69.44	66.89	93.03	87.11	89.97	82.85
30	67.18	74.58	61.11	64.84	68.60	66.67	92.98	87.09	89.94	82.66
20	63.89	69.70	58.97	70.77	73.02	71.88	93.96	89.74	91.80	85.31
275	62.80	68.29	58.13	63.23	68.70	65.85	93.13	86.47	89.68	82.18
160	61.92	64.52	59.52	64.60	69.46	66.94	92.74	86.82	89.68	81.86
210	62.79	70.17	56.82	62.58	68.72	65.50	93.55	85.86	89.54	82.49
440	63.33	66.83	60.18	64.71	69.68	67.10	93.18	87.31	90.15	82.42
150	63.07	72.01	56.10	61.37	68.42	64.71	93.70	84.88	89.07	81.28
30	65.42	64.81	66.04	66.29	67.05	66.67	90.77	89.87	90.32	85.08
255	61.15	66.01	56.95	62.10	68.06	64.94	93.01	85.72	89.22	81.17
510	63.35	67.80	59.44	64.96	70.03	67.40	93.26	87.20	90.13	83.10
370	63.62	65.46	61.89	66.75	70.62	68.63	92.79	88.24	90.46	83.19
160	61.28	63.14	59.52	62.81	66.81	64.75	91.97	86.96	89.39	81.26
340	63.25	65.95	60.76	65.66	69.81	67.67	92.85	87.91	90.31	83.55
295	61.17	67.12	56.20	62.19	68.64	65.25	93.37	85.53	89.28	81.04
360	61.02	66.24	56.56	63.58	69.33	66.33	93.18	86.23	89.57	81.96
460	62.35	67.78	57.73	63.84	69.71	66.64	93.46	86.44	89.81	82.48
300	63.74	65.32	62.24	65.91	69.51	67.66	92.66	88.33	90.44	83.68
180	64.00	67.04	61.22	65.00	70.06	67.44	93.27	87.46	90.27	81.38
435	62.51	68.24	57.68	63.86	69.78	66.69	93.49	86.37	89.79	82.39
35	63.64	62.69	64.62	66.99	68.32	67.65	91.12	89.69	90.40	83.33
10	64.00	61.54	66.67	51.72	53.57	52.63	88.77	87.32	88.04	80.65
235	65.64	67.37	64.00	67.00	71.49	69.17	93.42	88.31	90.79	82.28
335	63.47	65.73	61.36	65.54	69.49	67.46	92.73	88.00	90.30	83.53
125	63.95	71.21	58.02	63.71	68.58	66.05	93.24	86.73	89.87	83.87
465	63.09	65.26	61.07	65.07	69.20	67.07	92.62	87.73	90.10	82.71
430	63.11	65.02	61.31	65.24	69.41	67.26	92.65	87.75	90.13	82.65
180	63.54	67.44	60.06	65.11	69.75	67.35	93.28	87.61	90.36	83.20
235	65.04	67.47	62.78	66.12	70.18	68.09	93.14	88.35	90.68	84.18
445	61.19	64.26	58.40	64.18	68.72	66.37	92.65	87.15	89.81	82.05
380	62.95	66.52	59.74	64.47	68.90	66.61	92.84	87.39	90.03	83.01
500	62.48	66.70	58.76	64.44	69.68	66.95	93.28	86.99	90.03	82.61
85	66.48	71.95	61.78	61.48	66.11	63.71	92.62	86.69	89.56	83.68
90	66.13	71.26	61.69	61.85	66.80	64.23	92.99	86.73	89.75	83.27
515	62.61	66.03	59.52	64.38	69.12	66.67	92.89	87.18	89.94	82.52
285	64.39	67.80	61.30	65.91	71.32	68.51	93.55	87.36	90.35	82.88
115	63.39	71.43	56.99	61.19	68.35	64.57	93.86	84.99	89.21	80.44
415	63.00	67.07	59.40	64.74	69.45	67.01	93.06	87.31	90.10	83.09
315	62.50	65.48	59.78	65.12	70.11	67.52	93.19	87.37	90.19	81.86
60	65.22	71.43	60.00	61.11	67.48	64.14	93.45	85.73	89.43	82.76
495	62.89	67.59	58.80	64.78	69.96	67.27	93.26	87.05	90.05	82.98
50	66.67	71.88	62.16	66.44	70.21	68.28	93.94	88.03	90.89	83.05
155	61.22	62.42	60.06	62.66	66.21	64.39	91.72	87.12	89.36	81.23
10	69.09	70.37	67.86	67.65	69.70	68.66	91.84	89.36	90.59	82.65
40	69.39	78.16	62.39	64.75	69.91	67.23	93.55	86.65	89.97	83.33
480	62.91	65.47	60.54	64.67	69.03	66.78	92.74	87.50	90.05	82.59
450	62.47	66.54	58.87	64.59	69.51	66.96	93.05	87.14	90.00	82.95
45	58.33	67.12	51.58	57.75	64.57	60.97	92.94	83.93	88.21	80.23
80	60.37	65.13	56.25	63.71	69.33	66.40	92.83	86.18	89.38	81.92
380	62.77	66.29	59.60	64.19	69.09	66.55	93.00	87.13	89.97	81.87
45	66.67	68.97	64.52	64.89	68.55	66.67	92.35	88.14	90.20	83.29
410	63.36	65.28	61.54	65.85	69.92	67.83	92.71	87.96	90.27	82.79
490	62.38	66.63	58.64	64.10	69.34	66.62	93.21	86.89	89.94	82.48
435	62.51	66.93	58.64	64.57	69.50	66.94	93.09	87.09	89.99	83.01
105	63.49	68.57	59.11	63.33	67.20	65.21	92.44	87.20	89.75	83.67
415	61.75	67.59	56.84	63.69	69.77	66.59	93.48	86.16	89.67	82.09
100	64.48	69.01	60.51	63.78	67.46	65.57	92.52	87.55	89.97	83.85
140	61.84	64.77	59.17	62.91	67.17	64.97	92.38	87.03	89.63	82.01
60	65.67	68.22	63.31	66.67	69.82	68.21	93.32	88.20	90.69	81.82
465	62.97	67.03	59.38	65.02	69.96	67.40	93.21	87.30	90.16	83.12
190	60.81	64.09	57.86	62.03	66.61	64.23	92.07	86.28	89.08	80.98
315	64.20	67.53	61.19	65.89	70.63	68.18	93.22	87.60	90.32	83.33
410	61.55	64.09	59.20	64.68	68.95	66.75	92.53	87.41	89.90	82.08
145	63.51	70.31	57.91	64.18	69.52	66.74	93.53	86.75	90.02	83.57
225	65.05	67.00	63.21	66.28	70.02	68.10	92.99	88.55	90.72	84.24
520	63.16	67.92	59.03	64.54	69.99	67.16	93.38	86.87	90.01	82.80
225	62.47	65.41	59.78	64.52	69.92	67.11	93.11	86.83	89.86	81.95
240	62.28	68.00	57.46	63.26	69.03	66.02	93.24	86.22	89.59	82.24
145	63.95	72.03	57.49	62.22	68.97	65.42	93.80	85.52	89.46	81.83
410	62.69	66.23	59.50	63.94	69.05	66.39	93.06	86.99	89.92	82.06
515	63.14	67.54	59.27	64.96	70.02	67.39	93.22	87.18	90.10	83.03
180	63.19	70.22	57.44	62.83	68.93	65.74	93.46	85.94	89.54	82.51
385	61.83	68.07	56.64	64.00	70.13	66.93	93.57	86.20	89.73	82.22
505	62.47	66.38	58.99	64.33	69.47	66.80	93.15	86.97	89.95	82.52
25	71.56	72.22	70.91	70.67	69.74	70.20	91.74	90.86	91.30	85.78
385	62.76	66.48	59.43	64.17	69.24	66.61	93.09	87.06	89.97	81.95
430	62.52	66.54	58.95	64.79	69.52	67.08	93.00	87.26	90.04	83.05
250	62.27	67.87	57.52	63.29	69.05	66.04	93.28	86.27	89.64	81.98
125	63.39	67.36	59.85	62.30	66.57	64.36	92.44	86.82	89.54	82.08
95	61.96	69.10	56.16	62.38	69.23	65.63	93.65	85.25	89.25	81.70
370	61.41	64.07	58.96	63.64	68.22	65.85	92.48	87.08	89.70	81.72
65	63.40	72.41	56.38	64.45	71.96	68.00	94.46	85.79	89.92	83.01
130	69.18	73.45	65.37	67.10	72.39	69.65	94.30	88.13	91.11	83.22
510	62.35	65.99	59.10	64.16	69.19	66.58	92.99	86.96	89.88	82.48
270	64.14	65.91	62.45	65.91	69.48	67.65	92.66	88.40	90.48	83.88
30	61.54	64.71	58.67	58.33	61.54	59.89	90.46	85.75	88.04	80.43
35	66.27	70.00	62.92	61.11	64.71	62.86	91.72	86.79	89.19	81.96
90	67.15	70.77	63.89	65.53	70.33	67.84	93.82	87.68	90.64	82.19
505	62.58	65.70	59.75	64.31	68.87	66.51	92.76	87.25	89.92	82.49
80	64.72	74.50	57.22	59.84	67.42	63.40	94.27	84.42	89.08	81.47
510	62.43	65.74	59.44	64.30	68.98	66.56	92.83	87.17	89.91	82.47
400	62.64	66.44	59.25	63.78	68.91	66.25	93.02	86.91	89.86	81.95
390	62.56	66.30	59.21	63.85	68.87	66.27	92.99	86.98	89.88	81.87
465	62.54	67.75	58.07	63.88	69.71	66.67	93.46	86.51	89.85	82.41
220	65.03	66.75	63.40	66.22	69.73	67.93	92.83	88.60	90.67	84.05
355	61.08	66.24	56.67	63.46	69.18	66.20	93.15	86.22	89.55	81.82
340	61.69	65.13	58.60	63.65	68.56	66.02	92.71	86.88	89.70	82.05
335	62.80	66.02	59.88	65.57	70.55	67.97	93.29	87.51	90.31	82.15
350	62.70	65.93	59.77	64.61	68.99	66.73	92.72	87.46	90.01	83.01
215	61.72	65.50	58.35	62.99	68.03	65.41	92.62	86.42	89.41	81.58
175	59.91	62.73	57.34	61.75	66.33	63.96	91.98	86.25	89.02	80.98
420	62.98	66.67	59.68	64.15	69.27	66.61	93.11	87.05	89.98	82.19
60	61.24	69.57	54.70	62.37	68.36	65.23	93.60	85.99	89.64	83.16
345	61.73	66.34	57.71	64.06	69.49	66.67	93.12	86.58	89.73	81.92
530	63.22	66.67	60.11	64.71	69.46	67.00	93.00	87.30	90.06	82.80
95	66.97	70.73	63.60	64.75	69.77	67.16	93.75	87.43	90.48	81.85
25	61.90	57.78	66.67	65.33	64.47	64.90	88.99	90.52	89.75	84.98
485	62.25	66.36	58.62	64.23	69.44	66.73	93.19	86.94	89.95	82.48
40	67.90	68.75	67.07	67.24	69.64	68.42	92.24	89.46	90.83	84.19
225	61.21	65.93	57.11	62.32	67.86	64.97	92.84	85.93	89.25	81.46
385	63.28	66.71	60.18	64.57	68.90	66.67	92.81	87.48	90.07	83.07
115	61.28	65.45	57.60	63.26	68.98	65.99	93.11	86.22	89.53	81.49
545	62.93	66.97	59.36	64.52	69.53	66.93	93.12	87.08	89.99	82.73
465	62.02	65.11	59.21	64.74	69.32	66.95	92.84	87.33	90.00	82.33
395	61.26	63.41	59.24	64.56	68.68	66.56	92.39	87.47	89.86	82.09
380	63.44	65.08	61.89	66.55	70.48	68.46	92.74	88.18	90.40	83.04
430	63.29	66.87	60.07	64.17	69.25	66.61	93.13	87.11	90.02	82.12
100	62.05	67.71	57.27	63.32	69.90	66.45	93.66	85.81	89.57	81.89
240	60.15	64.67	56.22	61.88	67.60	64.61	92.74	85.67	89.06	80.93
70	66.24	68.42	64.20	65.85	68.88	67.33	92.98	88.26	90.56	81.94
50	67.31	70.71	64.22	63.38	67.67	65.45	92.60	87.23	89.83	82.52
330	64.28	67.05	61.73	66.25	70.64	68.37	93.07	87.85	90.38	83.39
420	63.27	65.11	61.53	65.67	69.63	67.59	92.61	87.94	90.22	82.68
475	62.51	67.13	58.48	63.95	69.42	66.57	93.22	86.66	89.82	82.29
425	62.66	66.62	59.13	64.79	69.54	67.08	93.02	87.26	90.05	82.97
505	63.12	67.80	59.06	64.97	70.13	67.45	93.32	87.14	90.13	83.22
470	63.35	67.35	59.81	65.26	70.12	67.61	93.23	87.43	90.23	83.24
395	63.13	64.96	61.40	66.01	70.01	67.95	92.68	87.99	90.28	82.80
80	65.92	68.42	63.59	65.67	69.55	67.55	93.37	87.97	90.59	81.44
405	62.40	66.00	59.17	63.72	68.88	66.20	93.03	86.89	89.85	81.87
480	63.31	67.73	59.44	65.20	70.20	67.61	93.32	87.30	90.21	83.18
240	65.38	67.36	63.51	67.04	71.62	69.25	93.47	88.23	90.77	82.34
65	60.18	67.33	54.40	62.20	67.36	64.68	92.92	86.14	89.40	82.76
265	62.93	68.34	58.32	63.50	68.96	66.12	93.16	86.53	89.72	82.17
330	62.94	65.96	60.18	65.52	70.37	67.86	93.20	87.57	90.30	82.09
490	62.97	67.76	58.82	64.41	69.92	67.05	93.35	86.79	89.95	82.68
215	62.41	69.81	56.43	62.37	68.46	65.27	93.45	85.79	89.45	82.26
110	61.95	66.04	58.33	63.51	69.06	66.17	93.03	86.44	89.62	81.95
170	65.00	69.44	61.10	64.12	69.72	66.80	93.57	87.03	90.18	81.59
410	62.83	66.76	59.34	64.64	69.29	66.88	92.99	87.31	90.06	83.06
465	62.60	66.27	59.32	64.55	69.65	67.00	93.18	87.11	90.05	82.37
305	63.56	65.34	61.88	65.71	69.32	67.47	92.63	88.22	90.37	83.54
245	63.03	66.37	60.00	65.06	70.48	67.66	93.30	87.02	90.05	82.55
270	63.31	65.44	61.30	65.52	70.17	67.77	93.12	87.72	90.34	81.69
115	64.24	70.42	59.06	62.03	67.08	64.46	92.94	86.32	89.51	82.27
175	64.42	68.09	61.13	64.12	69.42	66.67	93.26	87.11	90.08	81.34
185	63.80	66.40	61.40	64.79	69.73	67.17	93.19	87.44	90.22	81.22
85	64.84	75.64	56.73	59.62	67.81	63.45	94.59	84.09	89.03	81.40
255	62.85	65.88	60.08	65.54	70.87	68.10	93.32	87.23	90.17	82.56
455	62.95	66.75	59.57	64.47	69.66	66.96	93.24	87.09	90.06	82.33
185	63.09	69.82	57.54	62.82	68.61	65.59	93.28	86.05	89.52	82.57
330	62.06	66.28	58.35	63.86	69.08	66.36	93.03	86.84	89.83	82.28
485	62.67	67.40	58.56	64.37	69.87	67.01	93.33	86.77	89.93	82.62
170	60.65	63.27	58.24	62.21	66.60	64.33	91.98	86.51	89.16	80.99
350	61.86	65.28	58.78	63.51	68.48	65.90	92.75	86.84	89.70	81.90
285	60.55	66.20	55.78	61.86	68.21	64.88	93.21	85.46	89.17	80.71
300	62.16	67.05	57.94	63.61	68.90	66.15	93.09	86.68	89.77	82.26
490	62.98	67.32	59.16	65.04	69.96	67.41	93.19	87.26	90.13	83.08
320	62.01	66.20	58.32	63.96	69.23	66.49	93.06	86.84	89.84	82.19
145	66.77	69.87	63.94	65.66	70.75	68.11	93.73	87.85	90.70	82.32
375	62.84	66.32	59.71	64.55	69.05	66.73	92.86	87.39	90.04	83.02
505	62.17	66.08	58.70	64.31	69.49	66.80	93.15	86.96	89.95	82.40
280	63.64	65.93	61.50	65.63	69.46	67.49	92.74	88.08	90.35	83.74
185	63.61	67.53	60.12	64.92	69.53	67.15	93.23	87.55	90.30	83.43
380	61.04	63.25	58.99	63.57	67.91	65.67	92.30	87.15	89.65	81.54
530	63.45	67.93	59.52	65.20	70.32	67.67	93.34	87.23	90.18	83.04
315	63.82	65.67	62.06	66.12	69.77	67.90	92.69	88.27	90.42	83.71
400	62.89	66.71	59.48	64.58	69.13	66.78	92.87	87.33	90.02	83.03
345	64.22	66.72	61.90	66.57	70.79	68.62	93.03	88.02	90.45	83.37
530	62.86	67.12	59.11	64.84	70.03	67.33	93.33	87.08	90.10	82.64
450	63.19	67.11	59.70	64.73	69.95	67.24	93.32	87.17	90.14	82.40
265	61.21	66.38	56.78	62.41	68.49	65.31	93.14	85.74	89.29	81.23
185	59.92	63.34	56.84	61.69	66.48	63.99	92.15	86.10	89.02	81.06
360	63.18	67.01	59.76	64.65	69.81	67.13	93.26	87.13	90.09	81.99
525	63.21	67.56	59.38	65.19	70.26	67.63	93.28	87.24	90.16	83.04
325	63.05	65.74	60.57	65.50	70.14	67.74	93.10	87.67	90.30	82.12
70	63.08	72.73	55.70	64.35	71.84	67.89	94.57	85.71	89.92	83.44
290	64.50	66.86	62.30	66.11	69.84	67.92	92.84	88.31	90.52	84.12
85	60.78	66.15	56.21	63.87	68.09	65.91	92.74	87.03	89.79	83.89
65	65.96	69.12	63.09	66.67	69.95	68.27	93.46	88.14	90.72	82.07
75	60.39	65.81	55.80	63.22	67.70	65.38	92.70	86.76	89.63	83.55
305	64.41	68.16	61.06	65.96	71.22	68.49	93.51	87.42	90.36	83.20
345	62.03	65.67	58.77	63.70	68.74	66.12	92.81	86.84	89.73	82.09
215	65.08	67.85	62.53	66.30	71.05	68.59	93.45	87.86	90.57	82.24
200	63.11	65.79	60.65	64.95	68.82	66.83	92.75	87.92	90.27	83.74
15	61.11	66.67	56.41	50.00	55.00	52.38	90.80	83.58	87.04	78.12
35	68.89	76.54	62.63	64.15	68.00	66.02	92.71	86.77	89.64	82.77
105	61.54	66.67	57.14	63.39	69.61	66.36	93.46	86.05	89.60	82.03
115	63.59	69.68	58.48	63.33	67.46	65.33	92.66	86.95	89.72	83.52
20	72.73	69.57	76.19	73.33	69.84	71.54	90.94	92.93	91.93	86.89
45	68.25	79.12	60.00	62.86	69.84	66.17	94.22	85.40	89.59	83.04
415	61.29	64.05	58.75	64.48	68.89	66.61	92.57	87.28	89.85	82.08
65	66.93	72.03	62.50	62.76	68.72	65.60	93.53	86.60	89.93	83.69
375	61.33	67.24	56.38	63.88	69.90	66.75	93.46	86.17	89.66	82.14
210	64.25	66.31	62.31	65.17	68.79	66.93	92.64	88.21	90.37	83.76
135	59.93	62.45	57.60	63.44	68.62	65.93	92.50	86.21	89.25	81.21
550	63.14	67.17	59.57	64.85	69.84	67.25	93.17	87.18	90.08	82.84
140	60.68	63.06	58.48	64.63	69.51	66.98	92.62	86.71	89.57	81.84
245	64.88	66.67	63.18	66.62	70.24	68.38	92.92	88.66	90.74	84.26
300	61.15	66.98	56.25	62.57	68.82	65.55	93.34	85.72	89.37	81.32
255	64.45	66.23	62.76	66.41	70.05	68.18	92.89	88.56	90.67	84.06
235	62.96	69.53	57.52	63.41	69.33	66.24	93.49	86.24	89.72	82.60
25	63.33	64.41	62.30	59.49	61.84	60.65	90.20	86.99	88.57	80.44
295	64.42	68.57	60.75	65.57	71.28	68.30	93.68	87.11	90.28	82.67
100	65.35	70.97	60.55	62.13	67.03	64.48	92.96	86.61	89.67	83.01
55	61.22	68.18	55.56	61.71	67.08	64.29	93.02	86.10	89.42	82.77
155	61.34	63.79	59.08	64.54	69.40	66.88	92.66	86.76	89.61	81.68
165	63.39	68.25	59.18	64.38	69.41	66.80	93.36	87.16	90.15	83.07
520	62.75	66.88	59.10	64.55	69.75	67.05	93.25	87.02	90.03	82.52
125	60.63	62.86	58.56	64.38	69.32	66.75	92.69	86.82	89.66	81.43
485	62.73	65.37	60.29	64.67	69.03	66.78	92.71	87.47	90.01	82.54
520	63.03	67.24	59.32	65.09	70.12	67.51	93.21	87.24	90.13	82.98
355	63.03	66.41	59.97	64.76	69.22	66.92	92.83	87.48	90.08	83.06
20	67.37	65.31	69.57	65.62	67.74	66.67	91.39	89.19	90.28	82.68
550	63.14	67.17	59.57	64.85	69.84	67.25	93.17	87.18	90.08	82.84
10	66.67	54.55	85.71	82.14	71.88	76.67	87.60	96.90	92.01	84.21
520	62.65	66.07	59.56	64.30	69.07	66.60	92.90	87.14	89.93	82.54
240	62.77	66.14	59.72	64.76	70.27	67.40	93.27	86.87	89.96	82.39
405	61.73	67.56	56.82	63.50	69.62	66.42	93.45	86.10	89.62	82.02
425	63.24	67.05	59.84	64.10	69.22	66.56	93.14	87.05	89.99	82.20
315	62.40	66.84	58.50	64.12	69.35	66.63	93.13	86.88	89.90	82.25
345	63.07	66.40	60.06	65.21	69.68	67.37	92.95	87.60	90.19	83.29
370	62.88	66.32	59.78	64.49	69.06	66.70	92.89	87.36	90.04	82.93
55	66.37	71.15	62.18	62.26	67.35	64.71	92.84	86.52	89.57	82.31
215	63.22	66.26	60.45	65.07	70.32	67.60	93.07	87.02	89.94	82.42
225	64.76	66.59	63.02	66.27	70.81	68.47	93.25	88.01	90.55	81.76
435	61.21	64.16	58.51	64.19	68.63	66.34	92.58	87.21	89.81	82.06
150	60.96	62.71	59.29	62.39	66.20	64.24	91.83	86.91	89.30	81.10
70	65.38	76.12	57.30	59.45	67.54	63.24	94.61	84.25	89.13	81.28
525	62.89	66.36	59.78	64.43	69.20	66.73	92.94	87.19	89.97	82.68
240	65.37	67.61	63.27	66.76	70.66	68.65	93.20	88.61	90.85	84.50
470	62.47	67.22	58.34	63.88	69.50	66.57	93.29	86.59	89.81	82.25
155	63.17	72.10	56.21	61.38	68.21	64.62	93.59	84.94	89.05	81.24
440	61.14	63.86	58.64	64.42	68.76	66.52	92.57	87.31	89.86	82.13
325	60.84	66.20	56.29	62.69	68.50	65.46	93.05	85.91	89.34	81.34
145	60.93	64.13	58.03	64.62	69.83	67.12	92.85	86.51	89.57	81.63
280	62.18	67.40	57.71	63.06	68.50	65.67	93.04	86.42	89.61	81.89
365	61.07	66.67	56.34	63.51	69.42	66.33	93.28	86.12	89.56	81.93
320	63.87	65.92	61.95	65.89	69.55	67.67	92.66	88.20	90.38	83.66
105	62.97	70.65	56.80	60.44	67.36	63.71	93.56	84.83	88.98	79.95
315	60.70	65.88	56.28	62.97	68.78	65.75	93.04	86.00	89.38	81.30
260	64.17	65.61	62.80	66.34	69.80	68.03	92.68	88.56	90.57	83.97
165	63.13	71.48	56.52	61.99	68.68	65.16	93.62	85.28	89.25	81.63
480	62.38	66.20	58.97	64.49	69.58	66.94	93.16	87.09	90.02	82.56
265	64.08	65.69	62.55	66.26	69.83	68.00	92.69	88.48	90.54	83.90
420	61.35	64.25	58.70	64.41	68.86	66.56	92.60	87.24	89.84	82.15
365	63.50	65.31	61.79	66.55	70.46	68.45	92.76	88.17	90.41	83.09
50	66.39	75.47	59.26	58.06	64.29	61.02	93.26	84.67	88.76	81.46
300	62.93	65.20	60.82	65.76	70.36	67.98	93.07	87.75	90.34	81.93
135	64.39	71.23	58.75	64.24	69.29	66.67	93.50	86.88	90.07	84.19
260	62.61	65.88	59.65	65.56	71.05	68.20	93.36	87.08	90.11	82.57
220	62.44	69.97	56.37	62.54	68.78	65.51	93.59	85.79	89.52	82.50
205	61.25	64.51	58.31	62.54	67.47	64.91	92.38	86.35	89.26	81.35
485	62.35	65.91	59.15	64.74	69.59	67.08	93.05	87.23	90.05	82.58
370	63.29	66.91	60.05	64.91	69.94	67.33	93.23	87.26	90.15	82.15
310	63.56	65.48	61.74	65.66	69.35	67.45	92.65	88.16	90.35	83.53
335	64.31	66.83	61.98	66.22	70.41	68.25	92.93	87.95	90.37	83.38
450	62.10	67.21	57.71	63.79	69.44	66.49	93.31	86.50	89.77	82.30
110	63.92	68.89	59.62	64.27	67.99	66.07	92.57	87.55	89.99	84.09
160	63.58	72.03	56.91	61.94	68.61	65.11	93.60	85.27	89.24	81.52
110	69.90	73.77	66.42	66.35	71.28	68.73	94.07	88.17	91.02	83.06
35	60.74	64.06	57.75	58.88	63.00	60.87	91.67	85.93	88.71	81.34
150	63.28	71.19	56.95	63.27	69.14	66.08	93.74	86.18	89.80	83.20
495	62.94	65.72	60.38	64.74	69.19	66.89	92.79	87.46	90.04	82.63
230	60.99	66.18	56.55	62.29	68.09	65.06	92.99	85.76	89.23	81.43
355	61.92	65.55	58.66	63.77	68.82	66.20	92.84	86.85	89.74	81.91
260	61.20	66.23	56.88	62.53	68.57	65.41	93.14	85.79	89.31	81.30
40	67.07	69.62	64.71	68.64	70.43	69.53	93.22	89.55	91.35	83.69
510	62.42	66.38	58.90	64.50	69.69	66.99	93.21	87.01	90.01	82.47
550	63.14	67.17	59.57	64.85	69.84	67.25	93.17	87.18	90.08	82.84
45	66.05	73.20	60.17	59.29	64.34	61.71	92.57	85.62	88.96	81.84
195	63.44	66.37	60.76	64.78	68.90	66.78	92.89	87.80	90.27	83.52
375	60.96	63.15	58.92	63.65	68.05	65.78	92.32	87.13	89.65	81.49
540	63.06	67.25	59.36	64.85	69.95	67.30	93.27	87.12	90.09	82.75
325	64.36	67.16	61.78	66.24	70.79	68.44	93.16	87.81	90.40	83.30
55	64.06	71.93	57.75	56.47	63.16	59.63	93.20	84.01	88.37	80.30
205	63.91	66.67	61.36	65.53	70.21	67.79	93.26	87.67	90.38	81.67
525	63.46	68.20	59.33	64.95	70.37	67.55	93.45	87.01	90.12	83.03
185	61.98	64.51	59.64	63.92	69.27	66.49	92.87	86.65	89.65	82.04
365	63.59	67.40	60.18	64.92	70.10	67.41	93.34	87.22	90.18	82.17
275	64.04	66.19	62.02	66.00	69.75	67.83	92.81	88.30	90.50	83.98
135	68.24	71.89	64.95	67.33	72.58	69.86	94.25	88.22	91.13	83.03
290	63.13	65.41	61.01	65.38	70.15	67.68	93.15	87.64	90.31	81.86
535	63.85	68.44	59.84	65.29	70.65	67.87	93.53	87.17	90.24	83.09
80	60.74	65.60	56.55	63.81	67.77	65.73	92.57	87.17	89.79	83.67
160	64.83	68.62	61.43	64.23	69.46	66.74	93.33	87.20	90.16	81.37
350	63.93	66.36	61.67	66.15	70.28	68.15	92.89	87.93	90.34	83.12
460	61.85	64.93	59.05	64.70	69.27	66.91	92.83	87.32	89.99	82.33
310	62.77	65.46	60.28	65.30	70.17	67.65	93.15	87.51	90.24	81.93
45	67.03	71.76	62.89	67.67	70.87	69.23	93.91	88.58	91.17	83.38
295	63.58	64.94	62.28	65.97	69.40	67.64	92.54	88.40	90.42	83.61
435	63.25	65.07	61.53	65.33	69.40	67.30	92.63	87.83	90.16	82.77
295	62.62	68.02	58.02	63.77	69.26	66.40	93.24	86.62	89.81	82.42
195	62.22	64.67	59.95	64.60	69.84	67.12	92.94	86.90	89.82	82.27
375	63.80	65.81	61.91	66.70	70.69	68.63	92.88	88.19	90.47	83.25
205	63.53	65.74	61.46	64.98	68.67	66.77	92.64	88.08	90.30	83.72
295	62.90	65.30	60.66	65.48	70.24	67.78	93.11	87.62	90.28	81.80
15	66.67	65.85	67.50	66.67	69.57	68.09	91.55	89.13	90.32	80.43
125	63.22	71.74	56.51	60.57	67.72	63.95	93.83	84.88	89.13	81.03
445	63.46	65.71	61.37	65.43	69.62	67.46	92.75	87.78	90.20	82.82
290	62.70	67.84	58.29	63.83	69.10	66.36	93.13	86.73	89.82	82.41
265	63.76	66.01	61.65	65.67	70.23	67.87	93.13	87.80	90.39	81.95
500	63.31	68.08	59.17	64.58	70.03	67.20	93.39	86.89	90.02	82.85
290	64.06	67.80	60.71	65.78	71.33	68.44	93.57	87.24	90.30	82.76
190	64.04	67.02	61.31	65.14	70.21	67.58	93.38	87.44	90.32	81.44
50	64.32	71.57	58.40	61.04	66.67	63.73	92.75	85.43	88.94	81.16
170	62.93	67.73	58.77	63.88	68.85	66.27	93.23	87.02	90.02	82.85
310	62.82	67.27	58.92	64.35	69.46	66.81	93.12	87.02	89.97	82.48
525	62.71	66.53	59.31	64.46	69.49	66.88	93.08	87.04	89.96	82.63
55	65.79	72.82	60.00	66.06	70.78	68.34	94.49	87.40	90.81	82.55
250	63.94	66.00	62.00	65.55	70.04	67.72	93.04	87.76	90.33	81.60
210	64.58	67.31	62.05	65.87	70.70	68.20	93.41	87.73	90.48	82.05
545	63.04	67.14	59.41	64.83	69.92	67.28	93.23	87.12	90.07	82.70
540	62.94	66.80	59.49	64.59	69.50	66.95	93.05	87.14	90.00	82.66
140	64.34	69.78	59.70	64.76	69.36	66.98	93.30	87.31	90.21	83.98
550	63.14	67.17	59.57	64.85	69.84	67.25	93.17	87.18	90.08	82.84
275	63.26	65.84	60.88	65.26	70.06	67.58	93.18	87.53	90.27	81.66
485	63.06	67.41	59.24	65.11	70.04	67.49	93.23	87.27	90.15	83.08
15	64.29	69.23	60.00	72.34	75.56	73.91	94.78	89.55	92.09	84.25
90	63.85	72.02	57.35	60.93	68.27	64.39	94.18	84.98	89.34	81.18
495	63.22	67.98	59.08	64.43	69.93	67.07	93.37	86.83	89.98	82.80
405	63.15	65.14	61.28	65.84	69.91	67.81	92.69	87.92	90.24	82.68
510	63.40	68.39	59.09	64.67	70.20	67.32	93.47	86.86	90.04	82.90
505	63.26	68.19	59.00	64.65	70.19	67.30	93.45	86.85	90.03	82.85
320	64.57	67.91	61.54	66.20	70.97	68.50	93.33	87.71	90.43	83.50
520	62.52	66.42	59.06	64.44	69.56	66.90	93.12	86.98	89.95	82.63
305	63.07	67.90	58.88	64.07	69.33	66.59	93.20	86.89	89.93	82.52
360	63.66	65.58	61.84	66.49	70.45	68.41	92.84	88.13	90.42	83.13
425	62.34	68.05	57.51	63.83	69.77	66.67	93.47	86.33	89.76	82.35
255	62.66	68.04	58.07	63.43	69.00	66.10	93.20	86.43	89.69	82.10
260	62.88	68.59	58.05	63.49	69.23	66.24	93.32	86.37	89.71	82.11
375	63.20	66.95	59.85	64.64	69.65	67.06	93.19	87.18	90.09	82.06
330	63.47	65.94	61.19	65.62	69.50	67.51	92.75	88.01	90.32	83.47
215	65.24	67.27	63.33	65.81	69.39	67.55	92.80	88.46	90.58	84.05
365	61.65	64.62	58.93	63.45	68.16	65.72	92.53	86.96	89.66	81.70
290	60.63	66.40	55.78	62.03	68.34	65.03	93.25	85.50	89.21	80.84
385	63.36	65.28	61.54	66.28	70.33	68.24	92.76	88.03	90.34	82.92
390	61.84	68.11	56.63	63.93	70.08	66.86	93.57	86.19	89.73	82.25
70	65.47	72.22	59.87	60.95	67.02	63.84	93.32	85.76	89.38	82.55
20	61.02	54.55	69.23	67.24	65.00	66.10	88.35	91.57	89.93	83.09
195	61.44	64.77	58.44	62.83	67.44	65.06	92.28	86.53	89.31	81.47
500	62.40	66.16	59.04	64.37	69.42	66.80	93.09	87.02	89.95	82.51
310	64.44	67.84	61.37	66.05	70.97	68.42	93.34	87.58	90.37	83.39
390	63.22	66.53	60.23	64.77	68.98	66.81	92.76	87.57	90.09	83.12
130	63.76	70.53	58.17	63.33	68.34	65.74	93.27	86.60	89.81	83.82
40	63.09	66.20	60.26	61.79	65.52	63.60	92.10	87.05	89.50	82.76
540	63.06	66.97	59.58	64.61	69.60	67.02	93.13	87.12	90.03	82.75
250	64.40	65.92	62.96	66.67	70.20	68.39	92.84	88.67	90.71	84.08
15	66.67	60.00	75.00	69.05	65.91	67.44	88.52	92.35	90.40	84.21
325	61.98	66.55	58.00	63.78	69.23	66.39	93.17	86.68	89.81	82.17
430	62.35	68.21	57.41	63.71	69.68	66.56	93.49	86.28	89.74	82.33
280	63.23	65.32	61.27	65.37	69.91	67.56	93.00	87.67	90.26	81.58
540	63.27	67.49	59.55	65.09	70.33	67.61	93.37	87.13	90.14	82.91
545	63.34	67.24	59.87	65.02	69.99	67.42	93.20	87.26	90.13	82.91
105	65.40	70.77	60.79	62.54	67.01	64.70	92.77	86.89	89.74	83.00
95	62.54	67.95	57.92	63.00	67.26	65.06	92.61	86.89	89.66	83.38
360	61.72	65.03	58.74	63.53	68.50	65.92	92.71	86.83	89.68	81.69
180	62.03	64.83	59.47	64.07	69.35	66.61	92.91	86.65	89.67	82.03
275	63.97	66.80	61.37	66.12	71.37	68.65	93.41	87.50	90.36	82.92
455	61.83	64.80	59.11	64.67	69.15	66.84	92.76	87.36	89.98	82.24
220	61.63	65.76	57.99	62.79	68.10	65.34	92.78	86.23	89.39	81.66
200	62.44	69.25	56.84	62.48	68.47	65.34	93.35	85.91	89.48	82.41
245	62.17	67.97	57.28	63.23	69.19	66.08	93.37	86.15	89.61	82.06
285	62.41	67.46	58.06	63.50	68.70	66.00	93.00	86.66	89.72	82.12
110	62.85	70.48	56.70	60.95	67.76	64.17	93.60	84.99	89.09	80.23
455	62.19	67.50	57.66	63.81	69.58	66.57	93.40	86.46	89.79	82.45
400	61.35	67.10	56.51	63.38	69.45	66.28	93.37	86.07	89.57	81.89
150	61.84	65.28	58.75	64.33	69.66	66.89	92.94	86.47	89.59	81.89
445	62.40	67.94	57.70	63.93	69.76	66.72	93.46	86.45	89.82	82.43
40	66.67	72.53	61.68	58.54	63.16	60.76	92.22	85.71	88.85	81.77
180	59.57	62.69	56.76	61.37	66.02	63.61	91.95	86.09	88.92	80.95
130	59.88	62.40	57.56	63.75	68.95	66.25	92.63	86.37	89.39	81.42
420	61.89	67.71	57.00	63.75	69.81	66.64	93.49	86.20	89.70	82.18
400	63.35	65.29	61.53	65.97	69.97	67.91	92.71	87.99	90.29	82.83
100	62.12	69.11	56.41	60.71	67.27	63.82	93.26	85.01	88.94	79.95
175	61.91	64.39	59.62	64.18	69.35	66.67	92.85	86.71	89.68	82.01
515	63.30	68.42	58.89	64.50	70.10	67.18	93.46	86.77	89.99	82.80
195	62.78	69.30	57.38	62.75	68.57	65.53	93.34	86.07	89.56	82.54
230	65.17	67.57	62.93	66.10	70.06	68.02	93.13	88.38	90.69	84.17
195	64.10	67.01	61.43	65.40	70.37	67.80	93.38	87.56	90.38	81.41
125	69.70	73.70	66.11	66.48	71.81	69.04	94.30	88.09	91.09	83.14
470	62.34	65.55	59.43	64.75	69.40	67.00	92.91	87.33	90.03	82.37
475	62.98	65.32	60.80	64.95	69.22	67.02	92.72	87.63	90.10	82.69
165	60.67	62.78	58.70	62.80	66.81	64.74	91.87	86.90	89.32	81.02
130	63.82	72.27	57.14	61.43	68.49	64.77	93.92	85.19	89.35	81.81
475	63.39	67.62	59.66	65.23	70.19	67.62	93.30	87.36	90.23	83.24
460	63.16	65.24	61.21	65.17	69.30	67.17	92.63	87.76	90.13	82.74
435	63.19	66.67	60.07	64.38	69.34	66.77	93.10	87.21	90.06	82.25
245	60.42	65.23	56.27	62.16	67.96	64.93	92.89	85.70	89.15	81.06
370	61.12	66.88	56.27	63.79	69.75	66.64	93.38	86.16	89.62	82.09
530	63.55	68.07	59.59	65.14	70.49	67.71	93.47	87.13	90.19	83.05
500	62.65	65.66	59.90	64.50	69.03	66.69	92.78	87.31	89.96	82.48
120	61.16	64.63	58.04	63.93	69.25	66.48	92.91	86.58	89.63	81.53
535	62.93	67.08	59.27	64.85	69.95	67.31	93.26	87.11	90.08	82.72
220	65.04	67.36	62.88	66.62	71.27	68.86	93.45	88.04	90.66	82.25
405	61.32	63.84	59.00	64.58	68.83	66.64	92.49	87.38	89.86	81.99
165	65.16	69.37	61.44	64.02	69.54	66.67	93.51	87.05	90.17	81.41
445	63.47	67.07	60.24	64.80	69.83	67.22	93.25	87.32	90.18	82.48
10	76.19	100.00	61.54	75.76	86.21	80.65	100.00	87.68	93.44	89.13
255	63.77	66.13	61.57	65.32	70.07	67.61	93.17	87.59	90.30	81.63
300	64.50	68.67	60.81	65.70	71.38	68.42	93.71	87.16	90.32	82.88
395	62.44	66.21	59.08	63.61	68.67	66.04	92.94	86.86	89.80	81.79
85	60.52	66.04	55.85	63.77	69.84	66.67	93.26	85.97	89.46	82.09
175	62.99	70.68	56.81	62.45	69.03	65.58	93.66	85.56	89.42	81.85
90	61.59	66.90	57.06	62.94	67.16	64.98	92.53	86.84	89.59	83.29
515	62.32	66.13	58.92	64.23	69.34	66.69	93.06	86.93	89.89	82.56
395	63.15	66.62	60.03	64.91	69.24	67.00	92.84	87.55	90.12	83.18
10	70.27	61.90	81.25	73.08	67.86	70.37	87.80	94.31	90.94	83.08
335	61.89	65.47	58.69	63.79	68.87	66.24	92.85	86.87	89.76	82.07
175	63.78	68.62	59.58	64.51	69.52	66.92	93.42	87.25	90.23	83.22
55	63.33	70.37	57.58	62.64	68.99	65.66	93.48	85.69	89.41	82.08
395	61.50	67.55	56.44	63.80	69.92	66.72	93.51	86.15	89.68	82.10
545	63.50	67.68	59.80	64.89	69.89	67.30	93.23	87.23	90.13	82.94
65	63.97	74.80	55.88	57.21	65.34	61.01	94.19	83.39	88.46	80.07
400	61.23	63.66	58.98	64.61	68.86	66.67	92.48	87.40	89.87	82.07
250	60.91	65.92	56.60	62.06	68.03	64.91	93.02	85.64	89.18	81.14
85	65.98	69.35	62.93	64.40	69.10	66.67	93.47	87.35	90.31	81.60
